// This file is auto-generated by TongueTwisterReader. Do not edit

AlignmentCutoff = 0.95;

StatClass[][] TransitionStats = [
  [new(0.00567287,0.00958122,0.0141407),new(1.33787e-05,0.000175187,0.000553163),new(5.54319e-06,0.000152626,0.00063998),new(0.000110207,0.00445609,0.0165914),new(7.24945e-06,0.000825715,0.00326931),new(0.00460576,0.00782286,0.0121755),new(0.000110684,0.00181363,0.00559665),new(0.0256357,0.0449464,0.0704269),new(8.33009e-06,0.00147828,0.0058321),new(1.51473e-05,0.000407009,0.00126348)],
  [new(1.33787e-05,0.000175187,0.000553163),new(0.0335771,0.0454892,0.0587782),new(2.16239e-05,0.000151742,0.000520708),new(0.0676022,0.111191,0.164979),new(0.0015501,0.00526524,0.0115268),new(4.05064e-05,0.000499183,0.00134874),new(0.00584198,0.0117887,0.0203452),new(5.35957e-05,0.00132288,0.00478474),new(0.0496416,0.0847125,0.131857),new(1.60614e-05,0.000230732,0.000748129)],
  [new(5.54319e-06,0.000152626,0.00063998),new(2.16239e-05,0.000151742,0.000520708),new(0.0106375,0.0204891,0.0337299),new(0.000255527,0.00591653,0.0217708),new(0.0389,0.0688234,0.110329),new(1.76658e-05,0.000526464,0.00188278),new(3.10558e-05,0.000812373,0.00312874),new(7.30425e-05,0.00234374,0.00852006),new(5.91091e-05,0.00185705,0.00696728),new(4.30234e-06,0.000248834,0.00094079)],
  [new(0.000110207,0.00445609,0.0165914),new(0.0676022,0.111191,0.164979),new(0.000255527,0.00591653,0.0217708),new(0.000543723,0.0223392,0.0810219),new(0.000460584,0.0128333,0.0485542),new(0.000147257,0.00928637,0.0354696),new(1.54435e-05,0.0145123,0.0521274),new(0.000532206,0.0155407,0.0563054),new(0.00055305,0.0212304,0.0740262),new(0.000261984,0.00835168,0.0300425)],
  [new(7.24945e-06,0.000825715,0.00326931),new(0.0015501,0.00526524,0.0115268),new(0.0389,0.0688234,0.110329),new(0.000460584,0.0128333,0.0485542),new(0.0157914,0.0808565,0.164567),new(2.75362e-06,0.00165143,0.00624093),new(0.000130598,0.00455238,0.0171465),new(0.00020853,0.00746611,0.0265807),new(0.000343072,0.010117,0.0378526),new(3.53619e-05,0.00112074,0.00414282)],
  [new(0.00460576,0.00782286,0.0121755),new(4.05064e-05,0.000499183,0.00134874),new(1.76658e-05,0.000526464,0.00188278),new(0.000147257,0.00928637,0.0354696),new(2.75362e-06,0.00165143,0.00624093),new(0.0225922,0.0394304,0.0608175),new(0.0110268,0.0226018,0.0374321),new(0.049305,0.0873215,0.137865),new(3.29525e-05,0.00276395,0.0103332),new(0.0015146,0.00359275,0.00659776)],
  [new(0.000110684,0.00181363,0.00559665),new(0.00584198,0.0117887,0.0203452),new(3.10558e-05,0.000812373,0.00312874),new(1.54435e-05,0.0145123,0.0521274),new(0.000130598,0.00455238,0.0171465),new(0.0110268,0.0226018,0.0374321),new(0.000296926,0.00887258,0.0308146),new(0.00368589,0.0259436,0.0667449),new(0.000391223,0.0135885,0.0473437),new(0.00738086,0.0142856,0.0236467)],
  [new(0.0256357,0.0449464,0.0704269),new(5.35957e-05,0.00132288,0.00478474),new(7.30425e-05,0.00234374,0.00852006),new(0.000532206,0.0155407,0.0563054),new(0.00020853,0.00746611,0.0265807),new(0.049305,0.0873215,0.137865),new(0.00368589,0.0259436,0.0667449),new(0.000930938,0.0217391,0.0710686),new(0.000247816,0.00917217,0.0335667),new(0.000317268,0.00469797,0.0135115)],
  [new(8.33009e-06,0.00147828,0.0058321),new(0.0496416,0.0847125,0.131857),new(5.91091e-05,0.00185705,0.00696728),new(0.00055305,0.0212304,0.0740262),new(0.000343072,0.010117,0.0378526),new(3.29525e-05,0.00276395,0.0103332),new(0.000391223,0.0135885,0.0473437),new(0.000247816,0.00917217,0.0335667),new(0.000571215,0.0165722,0.0604021),new(7.77787e-05,0.00227441,0.00874195)],
  [new(1.51473e-05,0.000407009,0.00126348),new(1.60614e-05,0.000230732,0.000748129),new(4.30234e-06,0.000248834,0.00094079),new(0.000261984,0.00835168,0.0300425),new(3.53619e-05,0.00112074,0.00414282),new(0.0015146,0.00359275,0.00659776),new(0.00738086,0.0142856,0.0236467),new(0.000317268,0.00469797,0.0135115),new(7.77787e-05,0.00227441,0.00874195),new(0.0576863,0.0839577,0.118117)]
];

AverageRates = [
  [-0.00843864,1.60223e-05,2.70351e-05,1.68546e-05,2.31375e-05,1.37279e-05,2.18253e-05,1.11383e-05,4.48389e-06,6.01769e-06,6.01877e-06,3.1395e-05,0.00123296,1.26781e-09,2.70381e-06,0.000294218,9.69181e-05,1.24742e-05,0.000833625,0.000193904,0.000367478,1.23395e-05,2.13589e-05,2.1743e-05,8.5284e-06,0.000113979,1.24086e-05,4.82995e-05,0.000698785,2.7884e-05,0.0002426,5.10776e-06,2.36595e-05,0.000167879,9.55748e-06,0.00117927,4.6845e-06,1.05416e-06,0.000455327,0.000219651,7.93644e-06,1.44239e-05,9.8123e-06,0.000388398,2.44213e-05,4.96491e-08,1.53737e-06,5.08539e-08,0.000128901,6.95957e-05,0.00010326,9.10576e-07,3.45564e-05,0.00054786,4.88189e-06,9.34161e-06,2.66705e-06,1.40151e-06,2.2134e-05,2.76086e-07,3.67135e-11,2.23039e-07,8.64776e-05,0.000114481,9.71743e-05,0.000102918,1.24899e-05,0.000154331,2.39778e-08,4.78997e-06,5.48036e-07,6.12953e-06,5.54728e-07,1.33732e-10,6.78129e-09,8.52069e-09,4.91766e-10,2.34953e-09,6.70929e-09],
  [1.60223e-05,-0.0569078,3.79706e-05,0.00618261,3.24966e-05,0.00503567,0.000769345,0.00408573,0.00164478,8.45182e-06,0.0022078,0.0115163,3.18474e-05,4.46904e-08,2.43561e-05,2.65221e-05,0.000889954,0.000112369,3.4661e-05,5.00855e-06,9.49197e-06,0.000998929,0.00783484,1.74128e-05,6.82993e-06,1.02746e-05,0.00100452,3.86805e-05,1.80496e-05,2.23308e-05,2.1869e-05,0.00187363,1.89476e-05,1.51333e-05,0.000773711,3.04605e-05,4.30156e-05,0.000386688,4.10451e-05,9.13279e-06,7.14922e-05,0.000129932,0.00359934,1.00323e-05,0.00197699,1.75014e-06,0.000563938,1.7926e-06,0.00118364,6.27366e-06,9.30828e-06,0.000334017,8.92592e-07,2.27793e-05,4.39765e-05,8.415e-05,9.40138e-05,0.000514103,0.00179183,9.73207e-06,2.94019e-11,7.86216e-06,2.23372e-06,1.03198e-05,8.75972e-06,9.27745e-06,0.000440271,3.98636e-06,8.4522e-07,4.31485e-05,1.93183e-05,5.52154e-05,1.95542e-05,1.08261e-08,6.11295e-10,7.67551e-08,4.42987e-09,3.29991e-09,6.04379e-08],
  [2.70351e-05,3.79706e-05,-0.0270284,3.99431e-05,0.00849827,3.25333e-05,7.92852e-05,2.63961e-05,1.06262e-05,0.00221026,1.42636e-05,7.44017e-05,5.37373e-05,4.6056e-09,0.000616594,5.41739e-05,0.000118776,0.0028447,0.000118933,8.45111e-06,1.60161e-05,4.24116e-05,5.06174e-05,3.63699e-05,1.42656e-05,2.09868e-05,4.26489e-05,8.07916e-05,3.04558e-05,4.66422e-05,4.46695e-05,1.21047e-05,3.95757e-05,3.09113e-05,3.28496e-05,5.13971e-05,5.74101e-06,2.49822e-06,8.38386e-05,3.13377e-05,0.00180988,0.00328932,2.32537e-05,1.69279e-05,8.39372e-05,1.80361e-07,3.64335e-06,1.84738e-07,0.000157973,1.28146e-05,1.90131e-05,2.15793e-06,1.5061e-06,7.81634e-05,0.0011133,0.00213032,9.68864e-06,3.32139e-06,7.60758e-05,1.00294e-06,6.14114e-11,8.10239e-07,3.76903e-06,2.10791e-05,1.78926e-05,1.89501e-05,4.53723e-05,6.72633e-06,8.71046e-08,0.00109234,1.99086e-06,0.00139782,2.01517e-06,4.59644e-10,1.24863e-09,1.94312e-06,1.12146e-07,8.62968e-07,1.53003e-06],
  [1.68546e-05,0.00618261,3.99431e-05,-0.0595429,3.41847e-05,0.00529726,0.000809309,0.00429797,0.00173022,8.89087e-06,0.00232249,0.0121145,3.35018e-05,4.7012e-08,2.56214e-05,2.78998e-05,0.000936184,0.000118206,3.64615e-05,5.26873e-06,9.98504e-06,0.00105082,0.00824184,1.83173e-05,7.18473e-06,1.08083e-05,0.0010567,4.06898e-05,1.89872e-05,2.34908e-05,2.3005e-05,0.00197095,1.99319e-05,1.59195e-05,0.000813903,3.20428e-05,4.52501e-05,0.000406775,4.31773e-05,9.60721e-06,7.5206e-05,0.000136681,0.00378631,1.05535e-05,0.00207969,1.84105e-06,0.000593233,1.88572e-06,0.00124513,6.59956e-06,9.79181e-06,0.000351368,9.3896e-07,2.39626e-05,4.6261e-05,8.85213e-05,9.88975e-05,0.000540809,0.00188491,1.02376e-05,3.09292e-11,8.27058e-06,2.34975e-06,1.08559e-05,9.21476e-06,9.75938e-06,0.000463141,4.19344e-06,8.89127e-07,4.53899e-05,2.03219e-05,5.80836e-05,2.057e-05,1.13885e-08,6.4305e-10,8.07423e-08,4.65999e-09,3.47133e-09,6.35775e-08],
  [2.31375e-05,3.24966e-05,0.00849827,3.41847e-05,-0.024357,2.78431e-05,6.7855e-05,2.25907e-05,9.09426e-06,0.00189161,1.22073e-05,6.36755e-05,4.59903e-05,3.94163e-09,0.000527703,4.63639e-05,0.000101653,0.0024346,0.000101787,7.23275e-06,1.37072e-05,3.62974e-05,4.33202e-05,3.11266e-05,1.2209e-05,1.79612e-05,3.65004e-05,6.91442e-05,2.60651e-05,3.9918e-05,3.82297e-05,1.03596e-05,3.38703e-05,2.64549e-05,2.81138e-05,4.39874e-05,4.91335e-06,2.13806e-06,7.1752e-05,2.68199e-05,0.00154896,0.00281511,1.99014e-05,1.44875e-05,7.18363e-05,1.54359e-07,3.11811e-06,1.58105e-07,0.000135199,1.09671e-05,1.6272e-05,1.84683e-06,1.28898e-06,6.68949e-05,0.000952801,0.0018232,8.29187e-06,2.84256e-06,6.51083e-05,8.58353e-07,5.2558e-11,6.93431e-07,3.22567e-06,1.80403e-05,1.53131e-05,1.62181e-05,3.88312e-05,5.75662e-06,7.45471e-08,0.000934859,1.70385e-06,0.0011963,1.72465e-06,3.93379e-10,1.06862e-09,1.66299e-06,9.59781e-08,7.38558e-07,1.30945e-06],
  [1.37279e-05,0.00503567,3.25333e-05,0.00529726,2.78431e-05,-0.0494798,0.000659175,0.00350066,0.00140925,7.24152e-06,0.00189164,0.00986716,2.72869e-05,3.82908e-08,2.08683e-05,2.27241e-05,0.000762513,9.62777e-05,2.96975e-05,4.29133e-06,8.13272e-06,0.000855883,0.00671289,1.49193e-05,5.85189e-06,8.80326e-06,0.00086067,3.31415e-05,1.54649e-05,1.91331e-05,1.87374e-05,0.00160532,1.62343e-05,1.29662e-05,0.000662916,2.60986e-05,3.68558e-05,0.000331314,3.51675e-05,7.82498e-06,6.12545e-05,0.000111325,0.00308392,8.5957e-06,0.00169388,1.49952e-06,0.000483182,1.5359e-06,0.00101414,5.37528e-06,7.97534e-06,0.000286186,7.64773e-07,1.95173e-05,3.76791e-05,7.20998e-05,8.0551e-05,0.000440483,0.00153524,8.33844e-06,2.51915e-11,6.7363e-06,1.91385e-06,8.84199e-06,7.50533e-06,7.94892e-06,0.000377224,3.41551e-06,7.24185e-07,3.69696e-05,1.65519e-05,4.73086e-05,1.6754e-05,9.27578e-09,5.23758e-10,6.57638e-08,3.79552e-09,2.82736e-09,5.17832e-08],
  [2.18253e-05,0.000769345,7.92852e-05,0.000809309,6.7855e-05,0.000659175,-0.00781068,0.000534826,0.000215303,1.7648e-05,0.000289003,0.00150749,4.33819e-05,4.80833e-10,3.17914e-06,2.64226e-05,5.86703e-05,1.46672e-05,2.18058e-05,6.82255e-06,1.29298e-05,1.34069e-05,0.00102559,3.37532e-05,1.32392e-05,1.0236e-05,1.34819e-05,7.49789e-05,2.45868e-05,4.32864e-05,2.1787e-05,0.000245259,3.67284e-05,1.50766e-05,1.03842e-05,4.14927e-05,2.83581e-06,5.06178e-05,4.08912e-05,5.7456e-06,9.33168e-06,1.69596e-05,0.000471157,1.36658e-05,2.65336e-05,1.88301e-08,7.382e-05,1.9287e-08,7.80316e-05,6.25014e-06,9.27337e-06,4.37231e-05,1.21587e-06,1.43309e-05,5.74014e-06,1.09839e-05,1.01151e-06,6.72965e-05,2.40485e-05,1.04709e-07,5.69931e-11,8.45906e-08,3.04273e-06,1.02811e-05,8.72687e-06,9.24265e-06,4.73696e-06,5.43014e-06,9.09389e-09,5.63205e-06,2.0785e-07,7.20711e-06,2.10388e-07,1.45299e-10,6.09003e-10,1.00186e-08,5.78219e-10,6.89043e-09,7.8888e-09],
  [1.11383e-05,0.00408573,2.63961e-05,0.00429797,2.25907e-05,0.00350066,0.000534826,-0.0408062,0.0011434,5.87547e-06,0.0015348,0.0080058,2.21394e-05,3.10675e-08,1.69317e-05,1.84374e-05,0.000618671,7.81157e-05,2.40953e-05,3.4818e-06,6.59855e-06,0.000694427,0.00544656,1.21049e-05,4.74798e-06,7.14259e-06,0.000698312,2.68896e-05,1.25476e-05,1.55238e-05,1.52027e-05,0.00130249,1.31718e-05,1.05203e-05,0.000537862,2.11753e-05,2.99032e-05,0.000268814,2.85334e-05,6.34886e-06,4.96993e-05,9.03247e-05,0.00250216,6.97419e-06,0.00137435,1.21664e-06,0.000392034,1.24617e-06,0.000822833,4.36127e-06,6.47085e-06,0.000232199,6.20505e-07,1.58355e-05,3.05712e-05,5.84987e-05,6.53557e-05,0.00035739,0.00124563,6.76546e-06,2.04393e-11,5.46555e-06,1.55282e-06,7.17401e-06,6.08951e-06,6.44942e-06,0.000306064,2.7712e-06,5.87573e-07,2.99956e-05,1.34296e-05,3.83842e-05,1.35935e-05,7.52598e-09,4.24955e-10,5.3358e-08,3.07952e-09,2.294e-09,4.20147e-08],
  [4.48389e-06,0.00164478,1.06262e-05,0.00173022,9.09426e-06,0.00140925,0.000215303,0.0011434,-0.0171103,2.36526e-06,0.000617859,0.00322287,8.91259e-06,1.25067e-08,6.81613e-06,7.42227e-06,0.000249056,3.14467e-05,9.69997e-06,1.40166e-06,2.65635e-06,0.000279553,0.0021926,4.87301e-06,1.91138e-06,2.87537e-06,0.000281117,1.08248e-05,5.05124e-06,6.24934e-06,6.1201e-06,0.000524339,5.30254e-06,4.2351e-06,0.000216525,8.52446e-06,1.2038e-05,0.000108216,1.14866e-05,2.55584e-06,2.00073e-05,3.63617e-05,0.00100729,2.80757e-06,0.000553265,4.8978e-07,0.00015782,5.01665e-07,0.000331245,1.7557e-06,2.60495e-06,9.34755e-05,2.49794e-07,6.37485e-06,1.2307e-05,2.35496e-05,2.631e-05,0.000143873,0.000501447,2.72354e-06,8.22819e-12,2.20025e-06,6.25112e-07,2.88802e-06,2.45143e-06,2.59632e-06,0.000123211,1.11559e-06,2.36537e-07,1.20752e-05,5.40629e-06,1.54522e-05,5.4723e-06,3.02971e-09,1.71073e-10,2.14801e-08,1.23971e-09,9.23489e-10,1.69137e-08],
  [6.01769e-06,8.45182e-06,0.00221026,8.89087e-06,0.00189161,7.24152e-06,1.7648e-05,5.87547e-06,2.36526e-06,-0.0077345,3.17491e-06,1.65609e-05,1.19613e-05,1.02515e-09,0.000137247,1.20585e-05,2.64382e-05,0.000633198,2.64732e-05,1.88112e-06,3.565e-06,9.44034e-06,1.12668e-05,8.09551e-06,3.17536e-06,4.67142e-06,9.49314e-06,1.79833e-05,6.7791e-06,1.0382e-05,9.94291e-06,2.69436e-06,8.80909e-06,6.88049e-06,7.31193e-06,1.14404e-05,1.27788e-06,5.56074e-07,1.86615e-05,6.9754e-06,0.000402858,0.000732163,5.17601e-06,3.76795e-06,1.86834e-05,4.01463e-08,8.10968e-07,4.11204e-08,3.51629e-05,2.85237e-06,4.23208e-06,4.80331e-07,3.35241e-07,1.73983e-05,0.000247808,0.000474185,2.15658e-06,7.39302e-07,1.69336e-05,2.23243e-07,1.36695e-11,1.8035e-07,8.38942e-07,4.69197e-06,3.98268e-06,4.21807e-06,1.00993e-05,1.4972e-06,1.93885e-08,0.000243141,4.43142e-07,0.000311138,4.48553e-07,1.02311e-10,2.7793e-10,4.32515e-07,2.49623e-08,1.92087e-07,3.40567e-07],
  [6.01877e-06,0.0022078,1.42636e-05,0.00232249,1.22073e-05,0.00189164,0.000289003,0.0015348,0.000617859,3.17491e-06,-0.0227558,0.00432608,1.19634e-05,1.67879e-08,9.14934e-06,9.96298e-06,0.00033431,4.22112e-05,1.30203e-05,1.88146e-06,3.56564e-06,0.000375246,0.00294315,6.54108e-06,2.56565e-06,3.85963e-06,0.000377345,1.45303e-05,6.78032e-06,8.38854e-06,8.21506e-06,0.000703825,7.11765e-06,5.68481e-06,0.000290644,1.14424e-05,1.61587e-05,0.000145259,1.54185e-05,3.43072e-06,2.68559e-05,4.88086e-05,0.00135209,3.76863e-06,0.000742652,6.57436e-07,0.000211842,6.73389e-07,0.000444633,2.35669e-06,3.49664e-06,0.000125473,3.35301e-07,8.55701e-06,1.65197e-05,3.16108e-05,3.53161e-05,0.000193122,0.000673097,3.65584e-06,1.10448e-11,2.95341e-06,8.39093e-07,3.87661e-06,3.29058e-06,3.48506e-06,0.000165387,1.49747e-06,3.17506e-07,1.62087e-05,7.2569e-06,2.07416e-05,7.34551e-06,4.0668e-09,2.29632e-10,2.8833e-08,1.66408e-09,1.23961e-09,2.27034e-08],
  [3.1395e-05,0.0115163,7.44017e-05,0.0121145,6.36755e-05,0.00986716,0.00150749,0.0080058,0.00322287,1.65609e-05,0.00432608,-0.100459,6.24035e-05,8.75688e-08,4.77247e-05,5.19687e-05,0.00174382,0.000220182,6.79166e-05,9.81402e-06,1.85991e-05,0.00195735,0.015352,3.41195e-05,1.33829e-05,2.01325e-05,0.0019683,7.57926e-05,3.53674e-05,4.37562e-05,4.28513e-05,0.00367128,3.7127e-05,2.9653e-05,0.00151605,5.96859e-05,8.4287e-05,0.000757697,8.0426e-05,1.78953e-05,0.000140086,0.000254595,0.00705274,1.96579e-05,0.00387381,3.42931e-06,0.00110501,3.51252e-06,0.00231929,1.22929e-05,1.82391e-05,0.00065449,1.74899e-06,4.46349e-05,8.617e-05,0.000164888,0.000184216,0.00100736,0.003511,1.90695e-05,5.76116e-11,1.54055e-05,4.37686e-06,2.02211e-05,1.71643e-05,1.81787e-05,0.000862689,7.81108e-06,1.65617e-06,8.45474e-05,3.78534e-05,0.000108192,3.83155e-05,2.12132e-08,1.1978e-09,1.50398e-07,8.68013e-09,6.46602e-09,1.18425e-07],
  [0.00123296,3.18474e-05,5.37373e-05,3.35018e-05,4.59903e-05,2.72869e-05,4.33819e-05,2.21394e-05,8.91259e-06,1.19613e-05,1.19634e-05,6.24035e-05,-0.0155556,2.52001e-09,5.37433e-06,0.000584814,0.000192643,2.47949e-05,0.00165699,0.000385422,0.000730433,2.45272e-05,4.24548e-05,4.32183e-05,1.69518e-05,0.000226555,2.46644e-05,9.60045e-05,0.00138897,5.54248e-05,0.000482213,1.01526e-05,4.70278e-05,0.000333691,1.89973e-05,0.00234402,9.31133e-06,2.09535e-06,0.000905048,0.000436598,1.57752e-05,2.86702e-05,1.95038e-05,0.000772015,4.85419e-05,9.8687e-08,3.05582e-06,1.01082e-07,0.000256216,0.000138335,0.000205248,1.80994e-06,6.86874e-05,0.00108898,9.70369e-06,1.85682e-05,5.30127e-06,2.78578e-06,4.39956e-05,5.48774e-07,7.29751e-11,4.43333e-07,0.000171891,0.000227552,0.000193152,0.000204568,2.48261e-05,0.000306761,4.76604e-08,9.52097e-06,1.08933e-06,1.21836e-05,1.10263e-06,2.65818e-10,1.34791e-08,1.69365e-08,9.77479e-10,4.67014e-09,1.3336e-08],
  [1.26781e-09,4.46904e-08,4.6056e-09,4.7012e-08,3.94163e-09,3.82908e-08,4.80833e-10,3.10675e-08,1.25067e-08,1.02515e-09,1.67879e-08,8.75688e-08,2.52001e-09,-4.54195e-07,1.84673e-10,1.53486e-09,3.4081e-09,8.52003e-10,1.26668e-09,3.96315e-10,7.51077e-10,7.78791e-10,5.95754e-08,1.96069e-09,7.69055e-10,5.94601e-10,7.83148e-10,4.35545e-09,1.42823e-09,2.51446e-09,1.26558e-09,1.42469e-08,2.13351e-09,8.75783e-10,6.03206e-10,2.41027e-09,1.64729e-10,2.94034e-09,2.37533e-09,3.33756e-10,5.42068e-10,9.85167e-10,2.7369e-08,7.93835e-10,1.54131e-09,1.09382e-12,4.28813e-09,1.12036e-12,4.53278e-09,3.63064e-10,5.38681e-10,2.53983e-09,7.06288e-11,8.32465e-10,3.33439e-10,6.38042e-10,5.87578e-11,3.90919e-09,1.39696e-09,6.08245e-12,3.31067e-15,4.91378e-12,1.76749e-10,5.97217e-10,5.06935e-10,5.36896e-10,2.75165e-10,3.15431e-10,5.28255e-13,3.2716e-10,1.20738e-11,4.18654e-10,1.22212e-11,8.44029e-15,3.53764e-14,5.81972e-13,3.35882e-14,4.00258e-13,4.58252e-13],
  [2.70381e-06,2.43561e-05,0.000616594,2.56214e-05,0.000527703,2.08683e-05,3.17914e-06,1.69317e-05,6.81613e-06,0.000137247,9.14934e-06,4.77247e-05,5.37433e-06,1.84673e-10,-0.00192768,3.14144e-06,1.23044e-05,6.17822e-05,7.00382e-06,8.45205e-07,1.60179e-06,4.27127e-06,3.24684e-05,3.0282e-06,1.18777e-06,1.21699e-06,4.29517e-06,6.7268e-06,3.04592e-06,3.88348e-06,2.5903e-06,7.76449e-06,3.29512e-06,1.79249e-06,3.30828e-06,5.14028e-06,5.94728e-07,1.60247e-06,4.86164e-06,1.84543e-06,3.93075e-05,7.14384e-05,1.4916e-05,1.69298e-06,8.45331e-06,7.23203e-09,2.33702e-06,7.40752e-09,1.63649e-05,7.43092e-07,1.10253e-06,1.3842e-06,1.50627e-07,4.60293e-06,2.4179e-05,4.6267e-05,3.8849e-07,2.13049e-06,7.66159e-06,4.02155e-08,5.11318e-12,3.24886e-08,3.76945e-07,1.22234e-06,1.03756e-06,1.09888e-06,1.81932e-06,6.72707e-07,3.49268e-09,2.37237e-05,7.98285e-08,3.03583e-05,8.08033e-08,4.62907e-11,7.24057e-11,4.22012e-08,2.43561e-09,5.35863e-08,3.32297e-08],
  [0.000294218,2.65221e-05,5.41739e-05,2.78998e-05,4.63639e-05,2.27241e-05,2.64226e-05,1.84374e-05,7.42227e-06,1.20585e-05,9.96298e-06,5.19687e-05,0.000584814,1.53486e-09,3.14144e-06,-0.0113434,0.000701654,1.44933e-05,0.000940849,9.19719e-05,0.000174301,1.34028e-05,3.53557e-05,0.000111497,4.37334e-05,0.000333744,1.34778e-05,0.000247679,0.000331445,0.000142989,0.00071036,8.45498e-06,0.000121325,0.000491569,1.0381e-05,0.000559346,3.39142e-05,1.74498e-06,0.00133325,0.000247903,9.22103e-06,1.67585e-05,1.62425e-05,0.000184223,2.65256e-05,6.01072e-08,2.54484e-06,6.15657e-08,0.000933201,0.000203785,0.000302357,1.50729e-06,1.63906e-05,0.000618328,5.67207e-06,1.08536e-05,3.22884e-06,2.31995e-06,2.40413e-05,3.34241e-07,1.88266e-10,2.70021e-07,4.10177e-05,0.000335212,0.000284538,0.000301355,1.51208e-05,7.32014e-05,2.90285e-08,5.56527e-06,6.63475e-07,7.12165e-06,6.71576e-07,1.45255e-10,1.98564e-08,9.89984e-09,5.71363e-10,4.70808e-09,7.79525e-09],
  [9.69181e-05,0.000889954,0.000118776,0.000936184,0.000101653,0.000762513,5.86703e-05,0.000618671,0.000249056,2.64382e-05,0.00033431,0.00174382,0.000192643,3.4081e-09,1.23044e-05,0.000701654,-0.0191188,5.67672e-05,0.000397174,3.02964e-05,5.74163e-05,9.36249e-05,0.00118637,0.000629927,0.000247081,0.000271819,9.41486e-05,0.00139931,0.000109181,0.000807843,0.000578554,0.000283709,0.000685452,0.000400359,7.25163e-05,0.000184254,1.89165e-05,5.85531e-05,0.00108587,0.000104651,3.61169e-05,6.56397e-05,0.00054502,6.06849e-05,0.000185294,1.33465e-07,8.53927e-05,1.36704e-07,0.000520517,0.000165973,0.000246255,5.05775e-05,5.39923e-06,0.000261024,2.22164e-05,4.25115e-05,7.1695e-06,7.78465e-05,0.000167939,7.42168e-07,1.06365e-09,5.99569e-07,1.35116e-05,0.000273014,0.000231742,0.000245439,3.35751e-05,2.41132e-05,6.44566e-08,2.1798e-05,1.47322e-06,2.78941e-05,1.49121e-06,1.01468e-09,1.61721e-08,3.87757e-08,2.23791e-09,1.03225e-08,3.05324e-08],
  [1.24742e-05,0.000112369,0.0028447,0.000118206,0.0024346,9.62777e-05,1.46672e-05,7.81157e-05,3.14467e-05,0.000633198,4.22112e-05,0.000220182,2.47949e-05,8.52003e-10,6.17822e-05,1.44933e-05,5.67672e-05,-0.00867024,3.23127e-05,3.89942e-06,7.38999e-06,1.97059e-05,0.000149795,1.39708e-05,5.47988e-06,5.61466e-06,1.98161e-05,3.10346e-05,1.40526e-05,1.79167e-05,1.19506e-05,3.58221e-05,1.52023e-05,8.26977e-06,1.5263e-05,2.37151e-05,2.74382e-06,7.39314e-06,2.24296e-05,8.51404e-06,0.000181348,0.000329586,6.88163e-05,7.81069e-06,3.9e-05,3.33655e-08,1.0782e-05,3.41752e-08,7.55006e-05,3.42831e-06,5.08661e-06,6.38611e-06,6.94929e-07,2.1236e-05,0.000111552,0.000213456,1.79233e-06,9.82919e-06,3.53473e-05,1.85537e-07,2.35901e-11,1.49889e-07,1.73906e-06,5.63936e-06,4.78685e-06,5.06976e-06,8.39356e-06,3.10359e-06,1.61137e-08,0.000109451,3.68295e-07,0.00014006,3.72792e-07,2.13566e-10,3.34049e-10,1.94698e-07,1.12369e-08,2.47224e-07,1.53308e-07],
  [0.000833625,3.4661e-05,0.000118933,3.64615e-05,0.000101787,2.96975e-05,2.18058e-05,2.40953e-05,9.69997e-06,2.64732e-05,1.30203e-05,6.79166e-05,0.00165699,1.26668e-09,7.00382e-06,0.000940849,0.000397174,3.23127e-05,-0.0146716,0.00026059,0.000493857,2.19336e-05,4.62054e-05,7.18985e-05,2.82013e-05,0.000364482,2.20563e-05,0.000159714,0.000939102,9.22055e-05,0.000775784,1.10496e-05,7.82361e-05,0.000536842,1.69885e-05,0.00158483,1.91973e-05,2.28047e-06,0.00145604,3.04352e-05,2.05582e-05,3.7363e-05,2.12269e-05,0.000521971,4.3409e-05,4.96048e-08,3.32579e-06,5.08085e-08,0.000528243,0.000222553,0.000330203,1.96984e-06,4.64406e-05,7.59123e-05,1.26458e-05,2.41981e-05,2.66467e-06,3.03189e-06,3.93434e-05,2.7584e-07,1.21402e-10,2.2284e-07,0.000116218,0.000366085,0.000310744,0.00032911,1.24788e-05,0.000207406,2.39564e-08,1.24077e-05,5.47547e-07,1.58777e-05,5.54233e-07,2.37709e-10,2.16852e-08,2.20716e-08,1.27385e-09,1.03361e-08,1.73795e-08],
  [0.000193904,5.00855e-06,8.45111e-06,5.26873e-06,7.23275e-06,4.29133e-06,6.82255e-06,3.4818e-06,1.40166e-06,1.88112e-06,1.88146e-06,9.81402e-06,0.000385422,3.96315e-10,8.45205e-07,9.19719e-05,3.02964e-05,3.89942e-06,0.00026059,-0.00277119,0.000114873,3.85732e-06,6.67674e-06,6.79681e-06,2.66596e-06,3.56297e-05,3.8789e-06,1.50984e-05,0.000218439,8.7165e-06,7.58362e-05,1.59668e-06,7.39592e-06,5.24786e-05,2.98765e-06,0.000368637,1.46437e-06,3.2953e-07,0.000142334,6.86625e-05,2.48092e-06,4.50888e-06,3.06731e-06,0.000121413,7.63405e-06,1.55202e-08,4.8058e-07,1.58968e-08,4.02943e-05,2.17555e-05,3.22788e-05,2.84644e-07,1.08023e-05,0.00017126,1.52607e-06,2.92017e-06,8.33715e-07,4.38111e-07,6.91906e-06,8.63041e-08,1.14766e-11,6.97217e-08,2.70327e-05,3.57864e-05,3.03765e-05,3.21719e-05,3.90432e-06,4.82434e-05,7.49542e-09,1.49734e-06,1.71315e-07,1.91608e-06,1.73407e-07,4.18044e-11,2.11982e-09,2.66355e-09,1.53725e-10,7.3446e-10,2.09731e-09],
  [0.000367478,9.49197e-06,1.60161e-05,9.98504e-06,1.37072e-05,8.13272e-06,1.29298e-05,6.59855e-06,2.65635e-06,3.565e-06,3.56564e-06,1.85991e-05,0.000730433,7.51077e-10,1.60179e-06,0.000174301,5.74163e-05,7.38999e-06,0.000493857,0.000114873,-0.005149,7.3102e-06,1.26534e-05,1.2881e-05,5.0524e-06,6.75236e-05,7.35109e-06,2.86137e-05,0.000413975,1.65191e-05,0.000143721,3.02595e-06,1.40164e-05,9.94549e-05,5.66205e-06,0.000698623,2.77519e-06,6.24509e-07,0.000269745,0.000130126,4.70171e-06,8.545e-06,5.81301e-06,0.000230095,1.44677e-05,2.94132e-08,9.10772e-07,3.01269e-08,7.63638e-05,4.123e-05,6.11732e-05,5.39444e-07,2.04719e-05,0.000324564,2.89214e-06,5.53416e-06,1.58002e-06,8.30287e-07,1.31127e-05,1.63559e-07,2.17499e-11,1.32133e-07,5.12311e-05,6.78206e-05,5.75681e-05,6.09706e-05,7.39928e-06,9.14286e-05,1.4205e-08,2.83768e-06,3.24668e-07,3.63126e-06,3.28632e-07,7.92257e-11,4.01738e-09,5.04783e-09,2.91333e-10,1.39191e-09,3.97473e-09],
  [1.23395e-05,0.000998929,4.24116e-05,0.00105082,3.62974e-05,0.000855883,1.34069e-05,0.000694427,0.000279553,9.44034e-06,0.000375246,0.00195735,2.45272e-05,7.78791e-10,4.27127e-06,1.34028e-05,9.36249e-05,1.97059e-05,2.19336e-05,3.85732e-06,7.3102e-06,-0.00962718,0.00133164,1.56655e-05,6.14461e-06,5.19221e-06,1.79352e-05,3.47992e-05,1.39009e-05,2.00901e-05,1.10514e-05,0.000318449,1.70464e-05,7.64756e-06,1.38143e-05,2.34591e-05,4.52532e-06,6.5723e-05,2.0742e-05,5.77927e-06,1.25374e-05,2.27858e-05,0.000611758,7.72636e-06,3.52983e-05,3.04985e-08,9.58491e-05,3.12385e-08,0.000124521,3.17037e-06,4.7039e-06,5.67708e-05,6.87427e-07,1.44148e-05,7.71206e-06,1.47572e-05,1.63832e-06,8.73789e-05,3.19923e-05,1.69594e-07,2.64517e-11,1.37009e-07,1.72029e-06,5.21505e-06,4.42669e-06,4.68832e-06,7.67231e-06,3.07008e-06,1.47291e-08,7.56684e-06,3.36648e-07,9.68298e-06,3.40758e-07,1.93295e-10,3.08916e-10,1.34604e-08,7.76856e-10,3.68586e-09,1.05988e-08],
  [2.13589e-05,0.00783484,5.06174e-05,0.00824184,4.33202e-05,0.00671289,0.00102559,0.00544656,0.0021926,1.12668e-05,0.00294315,0.015352,4.24548e-05,5.95754e-08,3.24684e-05,3.53557e-05,0.00118637,0.000149795,4.62054e-05,6.67674e-06,1.26534e-05,0.00133164,-0.0732525,2.32124e-05,9.10477e-06,1.36967e-05,0.00133909,5.15637e-05,2.40614e-05,2.97685e-05,2.91528e-05,0.00249767,2.52585e-05,2.01737e-05,0.00103141,4.06059e-05,5.73427e-05,0.000515481,5.47159e-05,1.21746e-05,9.53039e-05,0.000173208,0.00479816,1.33738e-05,0.00263546,2.33305e-06,0.000751767,2.38966e-06,0.00157787,8.36322e-06,1.24086e-05,0.000445267,1.18989e-06,3.03663e-05,5.86237e-05,0.000112178,0.000125327,0.000685334,0.00238863,1.29735e-05,3.91947e-11,1.04808e-05,2.9777e-06,1.3757e-05,1.16773e-05,1.23675e-05,0.000586911,5.31409e-06,1.12674e-06,5.75198e-05,2.57526e-05,7.36058e-05,2.60671e-05,1.44319e-08,8.14898e-10,1.0232e-07,5.90532e-09,4.399e-09,8.05678e-08],
  [2.1743e-05,1.74128e-05,3.63699e-05,1.83173e-05,3.11266e-05,1.49193e-05,3.37532e-05,1.21049e-05,4.87301e-06,8.09551e-06,6.54108e-06,3.41195e-05,4.32183e-05,1.96069e-09,3.0282e-06,0.000111497,0.000629927,1.39708e-05,7.18985e-05,6.79681e-06,1.2881e-05,1.56655e-05,2.32124e-05,-0.021385,0.00145164,4.31938e-05,1.57532e-05,0.00822116,2.44941e-05,0.0047462,9.19361e-05,5.55102e-06,0.00402713,6.36197e-05,1.21336e-05,4.13362e-05,3.04473e-05,1.14565e-06,0.000172552,1.89445e-05,8.88862e-06,1.61544e-05,1.06638e-05,1.36143e-05,3.10038e-05,7.6783e-08,1.67079e-06,7.86462e-08,0.000837804,2.63742e-05,3.91315e-05,9.89596e-07,1.21128e-06,4.72519e-05,5.4676e-06,1.04624e-05,4.12463e-06,1.52314e-06,2.81e-05,4.26971e-07,6.24908e-09,3.44934e-07,3.03124e-06,4.33838e-05,3.68254e-05,3.90019e-05,1.93158e-05,5.40965e-06,3.7082e-08,5.36465e-06,8.47546e-07,6.86493e-06,8.57895e-07,1.69778e-10,2.56985e-09,9.54296e-09,5.50766e-10,3.16079e-09,7.51424e-09],
  [8.5284e-06,6.82993e-06,1.42656e-05,7.18473e-06,1.2209e-05,5.85189e-06,1.32392e-05,4.74798e-06,1.91138e-06,3.17536e-06,2.56565e-06,1.33829e-05,1.69518e-05,7.69055e-10,1.18777e-06,4.37334e-05,0.000247081,5.47988e-06,2.82013e-05,2.66596e-06,5.0524e-06,6.14461e-06,9.10477e-06,0.00145164,-0.00927026,1.69422e-05,6.17898e-06,0.00322465,9.60749e-06,0.00186164,3.60608e-05,2.17732e-06,0.00157959,2.4954e-05,4.75925e-06,1.62136e-05,1.19425e-05,4.49365e-07,6.76812e-05,7.43073e-06,3.48645e-06,6.33635e-06,4.18275e-06,5.34003e-06,1.21608e-05,3.01172e-08,6.55345e-07,3.0848e-08,0.000328618,1.03449e-05,1.53488e-05,3.88156e-07,4.75111e-07,1.8534e-05,2.1446e-06,4.10373e-06,1.61783e-06,5.97432e-07,1.10219e-05,1.67474e-07,2.45112e-09,1.35296e-07,1.18897e-06,1.70167e-05,1.44443e-05,1.5298e-05,7.57639e-06,2.12187e-06,1.4545e-08,2.10421e-06,3.32439e-07,2.69268e-06,3.36498e-07,6.65933e-11,1.00799e-09,3.74311e-09,2.16031e-10,1.23978e-09,2.94737e-09],
  [0.000113979,1.02746e-05,2.09868e-05,1.08083e-05,1.79612e-05,8.80326e-06,1.0236e-05,7.14259e-06,2.87537e-06,4.67142e-06,3.85963e-06,2.01325e-05,0.000226555,5.94601e-10,1.21699e-06,0.000333744,0.000271819,5.61466e-06,0.000364482,3.56297e-05,6.75236e-05,5.19221e-06,1.36967e-05,4.31938e-05,1.69422e-05,-0.00459887,5.22126e-06,9.59501e-05,0.000128401,5.53934e-05,0.000275192,3.27543e-06,4.70011e-05,0.000190432,4.02158e-06,0.000216689,1.31382e-05,6.76e-07,0.000516497,9.60371e-05,3.5722e-06,6.4922e-06,6.29229e-06,7.13676e-05,1.02759e-05,2.32854e-08,9.85864e-07,2.38504e-08,0.000361519,7.89455e-05,0.000117132,5.83921e-07,6.34969e-06,0.000239539,2.19734e-06,4.20466e-06,1.25084e-06,8.98743e-07,9.31352e-06,1.29484e-07,7.29338e-11,1.04605e-07,1.58901e-05,0.00012986,0.000110229,0.000116744,5.85775e-06,2.8358e-05,1.12456e-08,2.15597e-06,2.57028e-07,2.75891e-06,2.60167e-07,5.62715e-11,7.69232e-09,3.83517e-09,2.21344e-10,1.8239e-09,3.01986e-09],
  [1.24086e-05,0.00100452,4.26489e-05,0.0010567,3.65004e-05,0.00086067,1.34819e-05,0.000698312,0.000281117,9.49314e-06,0.000377345,0.0019683,2.46644e-05,7.83148e-10,4.29517e-06,1.34778e-05,9.41486e-05,1.98161e-05,2.20563e-05,3.8789e-06,7.35109e-06,1.79352e-05,0.00133909,1.57532e-05,6.17898e-06,5.22126e-06,-0.00968093,3.49939e-05,1.39786e-05,2.02025e-05,1.11132e-05,0.00032023,1.71417e-05,7.69034e-06,1.38916e-05,2.35903e-05,4.55064e-06,6.60906e-05,2.0858e-05,5.8116e-06,1.26075e-05,2.29132e-05,0.00061518,7.76958e-06,3.54957e-05,3.06691e-08,9.63852e-05,3.14133e-08,0.000125218,3.1881e-06,4.73021e-06,5.70883e-05,6.91272e-07,1.44955e-05,7.7552e-06,1.48397e-05,1.64748e-06,8.78677e-05,3.21713e-05,1.70543e-07,2.65996e-11,1.37775e-07,1.72991e-06,5.24423e-06,4.45145e-06,4.71454e-06,7.71523e-06,3.08725e-06,1.48115e-08,7.60917e-06,3.38531e-07,9.73715e-06,3.42665e-07,1.94376e-10,3.10644e-10,1.35357e-08,7.81202e-10,3.70648e-09,1.06581e-08],
  [4.82995e-05,3.86805e-05,8.07916e-05,4.06898e-05,6.91442e-05,3.31415e-05,7.49789e-05,2.68896e-05,1.08248e-05,1.79833e-05,1.45303e-05,7.57926e-05,9.60045e-05,4.35545e-09,6.7268e-06,0.000247679,0.00139931,3.10346e-05,0.000159714,1.50984e-05,2.86137e-05,3.47992e-05,5.15637e-05,0.00822116,0.00322465,9.59501e-05,3.49939e-05,-0.0374632,5.44108e-05,0.0105431,0.000204226,1.2331e-05,0.00894582,0.000141324,2.69534e-05,9.18236e-05,6.76351e-05,2.54492e-06,0.000383304,4.2083e-05,1.97451e-05,3.58851e-05,2.36885e-05,3.02426e-05,6.88714e-05,1.70565e-07,3.71146e-06,1.74704e-07,0.00186109,5.85872e-05,8.69263e-05,2.19828e-06,2.69073e-06,0.000104965,1.21457e-05,2.3241e-05,9.1624e-06,3.38348e-06,6.24211e-05,9.48469e-07,1.38816e-08,7.66231e-07,6.73357e-06,9.63722e-05,8.18035e-05,8.66383e-05,4.29079e-05,1.20169e-05,8.23735e-08,1.1917e-05,1.88273e-06,1.52497e-05,1.90572e-06,3.77143e-10,5.70864e-09,2.11986e-08,1.22346e-09,7.02134e-09,1.6692e-08],
  [0.000698785,1.80496e-05,3.04558e-05,1.89872e-05,2.60651e-05,1.54649e-05,2.45868e-05,1.25476e-05,5.05124e-06,6.7791e-06,6.78032e-06,3.53674e-05,0.00138897,1.42823e-09,3.04592e-06,0.000331445,0.000109181,1.40526e-05,0.000939102,0.000218439,0.000413975,1.39009e-05,2.40614e-05,2.44941e-05,9.60749e-06,0.000128401,1.39786e-05,5.44108e-05,-0.00941795,3.14122e-05,0.000273296,5.75404e-06,2.66531e-05,0.00018912,1.07668e-05,0.00132848,5.27722e-06,1.18755e-06,0.000512939,0.000247443,8.94063e-06,1.62489e-05,1.10538e-05,0.000437542,2.75113e-05,5.59311e-08,1.7319e-06,5.72883e-08,0.000145211,7.84016e-05,0.000116325,1.02579e-06,3.89288e-05,0.00061718,5.4996e-06,1.05236e-05,3.00451e-06,1.57885e-06,2.49346e-05,3.11019e-07,4.13589e-11,2.5126e-07,9.74195e-05,0.000128966,0.00010947,0.00011594,1.40702e-05,0.000173858,2.70117e-08,5.39604e-06,6.17379e-07,6.9051e-06,6.24917e-07,1.50653e-10,7.63932e-09,9.5988e-09,5.53989e-10,2.64682e-09,7.55821e-09],
  [2.7884e-05,2.23308e-05,4.66422e-05,2.34908e-05,3.9918e-05,1.91331e-05,4.32864e-05,1.55238e-05,6.24934e-06,1.0382e-05,8.38854e-06,4.37562e-05,5.54248e-05,2.51446e-09,3.88348e-06,0.000142989,0.000807843,1.79167e-05,9.22055e-05,8.7165e-06,1.65191e-05,2.00901e-05,2.97685e-05,0.0047462,0.00186164,5.53934e-05,2.02025e-05,0.0105431,3.14122e-05,-0.0260845,0.000117903,7.11885e-06,0.00516456,8.15884e-05,1.55606e-05,5.30111e-05,3.90468e-05,1.46922e-06,0.000221287,2.42952e-05,1.13991e-05,2.0717e-05,1.36757e-05,1.74595e-05,3.97605e-05,9.84696e-08,2.14268e-06,1.00859e-07,0.00107443,3.38233e-05,5.01838e-05,1.2691e-06,1.5534e-06,6.05977e-05,7.01187e-06,1.34174e-05,5.28959e-06,1.95333e-06,3.60366e-05,5.47565e-07,8.01407e-09,4.42357e-07,3.88739e-06,5.56371e-05,4.72264e-05,5.00176e-05,2.47714e-05,6.93755e-06,4.75555e-08,6.87984e-06,1.08693e-06,8.80386e-06,1.1002e-06,2.1773e-10,3.29568e-09,1.22383e-08,7.06324e-10,4.05353e-09,9.63657e-09],
  [0.0002426,2.1869e-05,4.46695e-05,2.3005e-05,3.82297e-05,1.87374e-05,2.1787e-05,1.52027e-05,6.1201e-06,9.94291e-06,8.21506e-06,4.28513e-05,0.000482213,1.26558e-09,2.5903e-06,0.00071036,0.000578554,1.19506e-05,0.000775784,7.58362e-05,0.000143721,1.10514e-05,2.91528e-05,9.19361e-05,3.60608e-05,0.000275192,1.11132e-05,0.000204226,0.000273296,0.000117903,-0.00947795,6.97162e-06,0.00010004,0.000405327,8.55976e-06,0.000461213,2.79642e-05,1.43884e-06,0.00109934,0.000204411,7.60327e-06,1.38184e-05,1.33929e-05,0.000151903,2.18719e-05,4.95619e-08,2.09837e-06,5.07645e-08,0.000769479,0.000168032,0.000249311,1.24285e-06,1.3515e-05,0.000509848,4.67695e-06,8.94945e-06,2.66236e-06,1.91294e-06,1.98234e-05,2.75601e-07,1.55236e-10,2.22648e-07,3.38215e-05,0.000276402,0.000234618,0.000248485,1.2468e-05,6.03588e-05,2.39357e-08,4.58889e-06,5.47073e-07,5.87222e-06,5.53753e-07,1.19772e-10,1.63728e-08,8.16299e-09,4.71122e-10,3.88209e-09,6.42764e-09],
  [5.10776e-06,0.00187363,1.21047e-05,0.00197095,1.03596e-05,0.00160532,0.000245259,0.00130249,0.000524339,2.69436e-06,0.000703825,0.00367128,1.01526e-05,1.42469e-08,7.76449e-06,8.45498e-06,0.000283709,3.58221e-05,1.10496e-05,1.59668e-06,3.02595e-06,0.000318449,0.00249767,5.55102e-06,2.17732e-06,3.27543e-06,0.00032023,1.2331e-05,5.75404e-06,7.11885e-06,6.97162e-06,-0.019418,6.04032e-06,4.82435e-06,0.000246652,9.71051e-06,1.37129e-05,0.000123272,1.30848e-05,2.91144e-06,2.2791e-05,4.14209e-05,0.00114743,3.19821e-06,0.000630244,5.57926e-07,0.000179778,5.71464e-07,0.000377333,1.99998e-06,2.96739e-06,0.000106481,2.8455e-07,7.26181e-06,1.40193e-05,2.68262e-05,2.99707e-05,0.000163891,0.000571217,3.10249e-06,9.37303e-12,2.50638e-06,7.12087e-07,3.28984e-06,2.79251e-06,2.95756e-06,0.000140354,1.27081e-06,2.69448e-07,1.37553e-05,6.15849e-06,1.76021e-05,6.23369e-06,3.45125e-09,1.94875e-10,2.44688e-08,1.4122e-09,1.05198e-09,1.9267e-08],
  [2.36595e-05,1.89476e-05,3.95757e-05,1.99319e-05,3.38703e-05,1.62343e-05,3.67284e-05,1.31718e-05,5.30254e-06,8.80909e-06,7.11765e-06,3.7127e-05,4.70278e-05,2.13351e-09,3.29512e-06,0.000121325,0.000685452,1.52023e-05,7.82361e-05,7.39592e-06,1.40164e-05,1.70464e-05,2.52585e-05,0.00402713,0.00157959,4.70011e-05,1.71417e-05,0.00894582,2.66531e-05,0.00516456,0.00010004,6.04032e-06,-0.0229151,6.92275e-05,1.32031e-05,4.49798e-05,3.3131e-05,1.24663e-06,0.000187761,2.06144e-05,9.67212e-06,1.75783e-05,1.16038e-05,1.48143e-05,3.37366e-05,8.35511e-08,1.81806e-06,8.55785e-08,0.000911653,2.86989e-05,4.25808e-05,1.07682e-06,1.31805e-06,5.1417e-05,5.94955e-06,1.13846e-05,4.4882e-06,1.6574e-06,3.05769e-05,4.64607e-07,6.79991e-09,3.75338e-07,3.29844e-06,4.72079e-05,4.00714e-05,4.24398e-05,2.10184e-05,5.88649e-06,4.03506e-08,5.83752e-06,9.22253e-07,7.47004e-06,9.33514e-07,1.84743e-10,2.79638e-09,1.03841e-08,5.99314e-10,3.4394e-09,8.17659e-09],
  [0.000167879,1.51333e-05,3.09113e-05,1.59195e-05,2.64549e-05,1.29662e-05,1.50766e-05,1.05203e-05,4.2351e-06,6.88049e-06,5.68481e-06,2.9653e-05,0.000333691,8.75783e-10,1.79249e-06,0.000491569,0.000400359,8.26977e-06,0.000536842,5.24786e-05,9.94549e-05,7.64756e-06,2.01737e-05,6.36197e-05,2.4954e-05,0.000190432,7.69034e-06,0.000141324,0.00018912,8.15884e-05,0.000405327,4.82435e-06,6.92275e-05,-0.00668357,5.92335e-06,0.000319159,1.93512e-05,9.95673e-07,0.000760744,0.000141452,5.26146e-06,9.56229e-06,9.26786e-06,0.000105117,1.51353e-05,3.42968e-08,1.45207e-06,3.5129e-08,0.000532478,0.000116278,0.000172523,8.60052e-07,9.3524e-06,0.000352814,3.23645e-06,6.19301e-06,1.84235e-06,1.32375e-06,1.37178e-05,1.90716e-07,1.07423e-10,1.54072e-07,2.34044e-05,0.00019127,0.000162356,0.000171951,8.62782e-06,4.17682e-05,1.65635e-08,3.1755e-06,3.78574e-07,4.06357e-06,3.83197e-07,8.28818e-11,1.13299e-08,5.64878e-09,3.26016e-10,2.6864e-09,4.44792e-09],
  [9.55748e-06,0.000773711,3.28496e-05,0.000813903,2.81138e-05,0.000662916,1.03842e-05,0.000537862,0.000216525,7.31193e-06,0.000290644,0.00151605,1.89973e-05,6.03206e-10,3.30828e-06,1.0381e-05,7.25163e-05,1.5263e-05,1.69885e-05,2.98765e-06,5.66205e-06,1.38143e-05,0.00103141,1.21336e-05,4.75925e-06,4.02158e-06,1.38916e-05,2.69534e-05,1.07668e-05,1.55606e-05,8.55976e-06,0.000246652,1.32031e-05,5.92335e-06,-0.00745976,1.817e-05,3.50505e-06,5.09051e-05,1.60655e-05,4.47628e-06,9.71074e-06,1.76485e-05,0.000473832,5.98438e-06,2.734e-05,2.36223e-08,7.4239e-05,2.41955e-08,9.64469e-05,2.45558e-06,3.64336e-06,4.39713e-05,5.3244e-07,1.11649e-05,5.9733e-06,1.143e-05,1.26894e-06,6.76785e-05,2.47793e-05,1.31358e-07,2.04879e-11,1.06119e-07,1.33243e-06,4.03927e-06,3.42865e-06,3.63129e-06,5.94252e-06,2.3779e-06,1.14083e-08,5.86083e-06,2.60748e-07,7.49987e-06,2.63931e-07,1.49715e-10,2.39268e-10,1.04256e-08,6.01707e-10,2.85485e-09,8.20924e-09],
  [0.00117927,3.04605e-05,5.13971e-05,3.20428e-05,4.39874e-05,2.60986e-05,4.14927e-05,2.11753e-05,8.52446e-06,1.14404e-05,1.14424e-05,5.96859e-05,0.00234402,2.41027e-09,5.14028e-06,0.000559346,0.000184254,2.37151e-05,0.00158483,0.000368637,0.000698623,2.34591e-05,4.06059e-05,4.13362e-05,1.62136e-05,0.000216689,2.35903e-05,9.18236e-05,0.00132848,5.30111e-05,0.000461213,9.71051e-06,4.49798e-05,0.000319159,1.817e-05,-0.0149803,8.90583e-06,2.0041e-06,0.000865634,0.000417585,1.50882e-05,2.74216e-05,1.86544e-05,0.000738395,4.6428e-05,9.43893e-08,2.92274e-06,9.66797e-08,0.000245058,0.00013231,0.00019631,1.73112e-06,6.56962e-05,0.00104155,9.28111e-06,1.77596e-05,5.0704e-06,2.66446e-06,4.20796e-05,5.24875e-07,6.97971e-11,4.24027e-07,0.000164405,0.000217642,0.000184741,0.00019566,2.37449e-05,0.000293402,4.55849e-08,9.10634e-06,1.04189e-06,1.1653e-05,1.05461e-06,2.54242e-10,1.28921e-08,1.61989e-08,9.34911e-10,4.46676e-09,1.27552e-08],
  [4.6845e-06,4.30156e-05,5.74101e-06,4.52501e-05,4.91335e-06,3.68558e-05,2.83581e-06,2.99032e-05,1.2038e-05,1.27788e-06,1.61587e-05,8.4287e-05,9.31133e-06,1.64729e-10,5.94728e-07,3.39142e-05,1.89165e-05,2.74382e-06,1.91973e-05,1.46437e-06,2.77519e-06,4.52532e-06,5.73427e-05,3.04473e-05,1.19425e-05,1.31382e-05,4.55064e-06,6.76351e-05,5.27722e-06,3.90468e-05,2.79642e-05,1.37129e-05,3.3131e-05,1.93512e-05,3.50505e-06,8.90583e-06,-0.0009421,2.83014e-06,5.2485e-05,5.05827e-06,1.7457e-06,3.17267e-06,2.63433e-05,2.93318e-06,8.9561e-06,6.451e-09,4.12742e-06,6.60754e-09,2.5159e-05,8.02223e-06,1.19026e-05,2.44465e-06,2.6097e-07,1.26165e-05,1.07382e-06,2.05477e-06,3.46535e-07,3.76268e-06,8.11729e-06,3.58724e-08,5.14109e-11,2.89799e-08,6.53079e-07,1.3196e-05,1.12012e-05,1.18632e-05,1.62284e-06,1.1655e-06,3.11548e-09,1.0536e-06,7.12074e-08,1.34825e-06,7.20769e-08,4.9044e-11,7.81672e-10,1.87421e-09,1.08169e-10,4.98933e-10,1.47577e-09],
  [1.05416e-06,0.000386688,2.49822e-06,0.000406775,2.13806e-06,0.000331314,5.06178e-05,0.000268814,0.000108216,5.56074e-07,0.000145259,0.000757697,2.09535e-06,2.94034e-09,1.60247e-06,1.74498e-06,5.85531e-05,7.39314e-06,2.28047e-06,3.2953e-07,6.24509e-07,6.5723e-05,0.000515481,1.14565e-06,4.49365e-07,6.76e-07,6.60906e-05,2.54492e-06,1.18755e-06,1.46922e-06,1.43884e-06,0.000123272,1.24663e-06,9.95673e-07,5.09051e-05,2.0041e-06,2.83014e-06,-0.00410541,2.7005e-06,6.00878e-07,4.70372e-06,8.54864e-06,0.000236813,6.60061e-07,0.000130073,1.15147e-07,3.71034e-05,1.17942e-07,7.78758e-05,4.12766e-07,6.12424e-07,2.19761e-05,5.87267e-08,1.49873e-06,2.89337e-06,5.53652e-06,6.18549e-06,3.38246e-05,0.00011789,6.40306e-07,1.93445e-12,5.17279e-07,1.46964e-07,6.78973e-07,5.76332e-07,6.10395e-07,2.89669e-05,2.62276e-07,5.56099e-08,2.83889e-06,1.27102e-06,3.63281e-06,1.28654e-06,7.12285e-10,4.02192e-11,5.04998e-09,2.91457e-10,2.17112e-10,3.97642e-09],
