// This file is auto-generated by TongueTwisterReader. Do not edit

AlignmentCutoff = 0.95;

AverageRates = [
  [-0.0161769,0.000852633,0.000617,0.000863174,0.00047782,0.00067667,7.67398e-05,0.000600694,0.00024691,0.000148326,0.000331866,0.00156695,0.000469931,8.81606e-10,2.54223e-05,0.000218824,0.000361238,0.000102124,0.000192738,7.70906e-05,0.000142222,0.000107914,0.00110563,0.000333546,0.00016241,8.50358e-05,0.000105423,0.000703011,0.000277461,0.000485692,0.000178694,0.000279964,0.000445288,0.000116194,8.46239e-05,0.000457138,2.83976e-05,6.0132e-05,0.000294876,5.10697e-05,6.89072e-05,0.000119403,0.000519973,0.000153344,0.000211214,2.46213e-10,8.42867e-05,1.47927e-07,0.000444764,5.10263e-05,7.74395e-05,5.09375e-05,1.11454e-06,0.000124268,4.10648e-05,7.65012e-05,3.20828e-05,7.66719e-05,0.000195395,6.15422e-11,5.91201e-13,5.26074e-11,8.69715e-07,8.36231e-05,7.30905e-05,7.69379e-05,5.06528e-05,5.97248e-05,2.92658e-07,4.10999e-05,2.25507e-13,5.06442e-05,5.77522e-07,1.41633e-11,6.92613e-09,4.14923e-12,9.25285e-09,3.35483e-12,6.61778e-11],
  [0.000852633,-0.0509907,0.0020187,0.00282413,0.00156333,0.00221393,0.000251077,0.00196535,0.000807838,0.000485292,0.0010858,0.00512673,0.00153752,2.88443e-09,8.31766e-05,0.000715946,0.0011819,0.00033413,0.0006306,0.000252225,0.000465323,0.000353073,0.0036174,0.0010913,0.000531372,0.00027822,0.000344922,0.00230011,0.000907796,0.00158908,0.000584651,0.000915985,0.00145689,0.000380164,0.000276872,0.00149566,9.29112e-05,0.00019674,0.000964775,0.00016709,0.00022545,0.000390662,0.00170125,0.000501711,0.00069105,8.05558e-10,0.000275769,4.83987e-07,0.00145518,0.000166948,0.000253366,0.000166657,3.64655e-06,0.000406578,0.000134356,0.000250297,0.000104969,0.000250855,0.000639294,2.01353e-10,1.93429e-12,1.72121e-10,2.84553e-06,0.000273598,0.000239137,0.000251725,0.000165726,0.000195407,9.57516e-07,0.000134471,7.37814e-13,0.000165697,1.88953e-06,4.63395e-11,2.26609e-08,1.35754e-11,3.02734e-08,1.09763e-11,2.1652e-10],
  [0.000617,0.0020187,-0.0374568,0.00204366,0.00113129,0.00160209,0.00018169,0.00142221,0.000584585,0.000351177,0.000785727,0.00370991,0.00111261,2.0873e-09,6.019e-05,0.000518088,0.00085527,0.000241791,0.000456328,0.00018252,0.000336727,0.000255498,0.0026177,0.000789706,0.000384522,0.000201331,0.0002496,0.00166445,0.000656919,0.00114993,0.000423078,0.000662844,0.00105427,0.000275102,0.000200356,0.00108232,6.72343e-05,0.000142369,0.000698151,0.000120913,0.000163145,0.000282699,0.00123109,0.000363058,0.000500072,5.82935e-10,0.000199558,3.50233e-07,0.00105303,0.00012081,0.000183346,0.0001206,2.6388e-06,0.000294217,9.72253e-05,0.000181125,7.59596e-05,0.000181529,0.000462619,1.45708e-10,1.39973e-12,1.24554e-10,2.05914e-06,0.000197987,0.00017305,0.000182159,0.000119926,0.000141405,6.92898e-07,9.73085e-05,5.33913e-13,0.000119905,1.36734e-06,3.35331e-11,1.63984e-08,9.82375e-12,2.19071e-08,7.94291e-12,1.56683e-10],
  [0.000863174,0.00282413,0.00204366,-0.0515861,0.00158266,0.0022413,0.000254181,0.00198965,0.000817825,0.000491292,0.00109922,0.00519011,0.00155653,2.92009e-09,8.42049e-05,0.000724797,0.00119651,0.000338261,0.000638396,0.000255343,0.000471076,0.000357438,0.00366212,0.00110479,0.000537941,0.000281659,0.000349186,0.00232854,0.000919019,0.00160873,0.000591879,0.000927309,0.0014749,0.000384864,0.000280295,0.00151415,9.40598e-05,0.000199172,0.000976702,0.000169155,0.000228238,0.000395492,0.00172228,0.000507913,0.000699593,8.15517e-10,0.000279178,4.8997e-07,0.00147317,0.000169012,0.000256499,0.000168718,3.69164e-06,0.000411605,0.000136017,0.000253391,0.000106266,0.000253956,0.000647197,2.03843e-10,1.9582e-12,1.74249e-10,2.88071e-06,0.00027698,0.000242094,0.000254837,0.000167775,0.000197823,9.69354e-07,0.000136133,7.46935e-13,0.000167746,1.91289e-06,4.69124e-11,2.2941e-08,1.37433e-11,3.06477e-08,1.1112e-11,2.19197e-10],
  [0.00047782,0.00156333,0.00113129,0.00158266,-0.0292626,0.0012407,0.000140705,0.00110139,0.000452716,0.00027196,0.000608486,0.00287304,0.000861633,1.61645e-09,4.66126e-05,0.00040122,0.000662341,0.000187248,0.000353391,0.000141348,0.000260769,0.000197864,0.00202721,0.000611567,0.000297783,0.000155916,0.000193296,0.00128899,0.000508733,0.00089053,0.000327641,0.000513322,0.000816449,0.000213046,0.000155161,0.000838176,5.20679e-05,0.000110254,0.000540664,9.36379e-05,0.000126344,0.000218929,0.000953386,0.000281161,0.000387268,4.51439e-10,0.000154542,2.71228e-07,0.000815488,9.35582e-05,0.000141988,9.33955e-05,2.04355e-06,0.000227848,7.52936e-05,0.000140267,5.88249e-05,0.00014058,0.000358263,1.12839e-10,1.08398e-12,9.64574e-11,1.59465e-06,0.000153326,0.000134014,0.000141068,9.28735e-05,0.000109507,5.36596e-07,7.5358e-05,4.13474e-13,9.28576e-05,1.0589e-06,2.59689e-11,1.26993e-08,7.60774e-12,1.69654e-08,6.15117e-12,1.21339e-10],
  [0.00067667,0.00221393,0.00160209,0.0022413,0.0012407,-0.0409243,0.000199261,0.00155975,0.00064112,0.00038514,0.000861715,0.0040687,0.00122021,2.28916e-09,6.6011e-05,0.000568193,0.000937983,0.000265174,0.000500459,0.000200172,0.000369292,0.000280207,0.00287086,0.000866079,0.00042171,0.000220802,0.000273739,0.00182542,0.000720449,0.00126114,0.000463994,0.000726948,0.00115623,0.000301708,0.000219733,0.00118699,7.37366e-05,0.000156137,0.000765669,0.000132606,0.000178923,0.000310039,0.00135015,0.00039817,0.000548434,6.39311e-10,0.000218857,3.84104e-07,0.00115486,0.000132494,0.000201078,0.000132263,2.89399e-06,0.000322671,0.000106628,0.000198641,8.33056e-05,0.000199085,0.000507359,1.59799e-10,1.5351e-12,1.36599e-10,2.25828e-06,0.000217134,0.000189785,0.000199775,0.000131524,0.00015508,7.59908e-07,0.000106719,5.85547e-13,0.000131502,1.49958e-06,3.67761e-11,1.79842e-08,1.07738e-11,2.40257e-08,8.71107e-12,1.71836e-10],
  [7.67398e-05,0.000251077,0.00018169,0.000254181,0.000140705,0.000199261,-0.00481781,0.000176888,7.27081e-05,4.36779e-05,9.77254e-05,0.000461423,0.000138382,2.59609e-10,7.48618e-06,6.44376e-05,0.000106375,3.00729e-05,5.67561e-05,2.27011e-05,4.18806e-05,3.17777e-05,0.000325578,9.82203e-05,4.78252e-05,2.50407e-05,3.10441e-05,0.000207017,8.17047e-05,0.000143023,5.26206e-05,8.24417e-05,0.000131125,3.42161e-05,2.49194e-05,0.000134615,8.36232e-06,1.77072e-05,8.6833e-05,1.50386e-05,2.02913e-05,3.51609e-05,0.000153118,4.51556e-05,6.21968e-05,7.25029e-11,2.48201e-05,4.35604e-08,0.000130971,1.50258e-05,2.28038e-05,1.49997e-05,3.28202e-07,3.65934e-05,1.20925e-05,2.25275e-05,9.44752e-06,2.25778e-05,5.75386e-05,1.81225e-11,1.74092e-13,1.54915e-11,2.56107e-07,2.46247e-05,2.15232e-05,2.26561e-05,1.49159e-05,1.75873e-05,8.61797e-08,1.21028e-05,6.64057e-14,1.49133e-05,1.70064e-07,4.17071e-12,2.03956e-09,1.22184e-12,2.72471e-09,9.87905e-13,1.94876e-11],
  [0.000600694,0.00196535,0.00142221,0.00198965,0.00110139,0.00155975,0.000176888,-0.0365045,0.000569135,0.000341896,0.000764961,0.00361186,0.00108321,2.03213e-09,5.85993e-05,0.000504396,0.000832666,0.0002354,0.000444268,0.000177696,0.000327827,0.000248746,0.00254852,0.000768835,0.00037436,0.00019601,0.000243003,0.00162046,0.000639557,0.00111954,0.000411896,0.000645326,0.0010264,0.000267832,0.000195061,0.00105372,6.54574e-05,0.000138606,0.000679699,0.000117717,0.000158833,0.000275228,0.00119855,0.000353463,0.000486856,5.67529e-10,0.000194284,3.40976e-07,0.0010252,0.000117617,0.000178501,0.000117413,2.56906e-06,0.000286441,9.46558e-05,0.000176338,7.3952e-05,0.000176731,0.000450393,1.41857e-10,1.36274e-12,1.21262e-10,2.00472e-06,0.000192754,0.000168476,0.000177344,0.000116757,0.000137668,6.74586e-07,9.47367e-05,5.19802e-13,0.000116737,1.33121e-06,3.26469e-11,1.5965e-08,9.56412e-12,2.13281e-08,7.73299e-12,1.52542e-10],
  [0.00024691,0.000807838,0.000584585,0.000817825,0.000452716,0.00064112,7.27081e-05,0.000569135,-0.01534,0.000140533,0.00031443,0.00148462,0.000445242,8.35288e-10,2.40867e-05,0.000207327,0.00034226,9.67591e-05,0.000182612,7.30405e-05,0.00013475,0.000102245,0.00104754,0.000316023,0.000153877,8.05682e-05,9.98842e-05,0.000666076,0.000262884,0.000460175,0.000169306,0.000265255,0.000421894,0.00011009,8.0178e-05,0.000433121,2.69057e-05,5.69728e-05,0.000279384,4.83866e-05,6.5287e-05,0.00011313,0.000492655,0.000145288,0.000200118,2.33277e-10,7.98584e-05,1.40155e-07,0.000421397,4.83455e-05,7.3371e-05,4.82614e-05,1.05599e-06,0.000117739,3.89074e-05,7.24821e-05,3.03973e-05,7.26438e-05,0.00018513,5.83089e-11,5.6014e-13,4.98436e-11,8.24022e-07,7.92298e-05,6.92505e-05,7.28957e-05,4.79917e-05,5.6587e-05,2.77282e-07,3.89406e-05,2.1366e-13,4.79835e-05,5.4718e-07,1.34192e-11,6.56225e-09,3.93124e-12,8.76672e-09,3.17857e-12,6.2701e-11],
  [0.000148326,0.000485292,0.000351177,0.000491292,0.00027196,0.00038514,4.36779e-05,0.000341896,0.000140533,-0.00927131,0.000188887,0.000891857,0.00026747,5.01782e-10,1.44696e-05,0.000124548,0.000205605,5.8126e-05,0.0001097,4.38776e-05,8.09485e-05,6.14213e-05,0.00062929,0.000189844,9.24385e-05,4.83997e-05,6.00034e-05,0.000400132,0.000157922,0.00027644,0.000101707,0.000159347,0.000253444,6.61342e-05,4.81653e-05,0.000260189,1.6163e-05,3.42252e-05,0.000167834,2.90673e-05,3.92198e-05,6.79604e-05,0.000295952,8.72786e-05,0.000120216,1.40137e-10,4.79733e-05,8.41953e-08,0.000253145,2.90426e-05,4.40761e-05,2.8992e-05,6.34362e-07,7.07292e-05,2.33728e-05,4.35421e-05,1.82605e-05,4.36392e-05,0.000111213,3.50279e-11,3.36493e-13,2.99425e-11,4.95014e-07,4.75957e-05,4.16008e-05,4.37906e-05,2.883e-05,3.39935e-05,1.66571e-07,2.33928e-05,1.28352e-13,2.88251e-05,3.28707e-07,8.06131e-12,3.94214e-09,2.36161e-12,5.26643e-09,1.90946e-12,3.76663e-11],
  [0.000331866,0.0010858,0.000785727,0.00109922,0.000608486,0.000861715,9.77254e-05,0.000764961,0.00031443,0.000188887,-0.02051,0.00199545,0.00059844,1.12269e-09,3.23744e-05,0.000278664,0.000460023,0.000130052,0.000245445,9.81721e-05,0.000181115,0.000137425,0.00140798,0.000424759,0.000206823,0.00010829,0.000134252,0.000895258,0.000353336,0.00061851,0.000227561,0.000356524,0.000567058,0.000147969,0.000107765,0.000582148,3.61633e-05,7.65759e-05,0.000375514,6.50354e-05,8.77508e-05,0.000152055,0.000662166,0.000195278,0.000268973,3.13543e-10,0.000107336,1.88379e-07,0.00056639,6.49801e-05,9.86163e-05,6.4867e-05,1.41933e-06,0.00015825,5.22945e-05,9.74215e-05,4.08563e-05,9.76388e-05,0.000248829,7.83717e-11,7.52872e-13,6.69936e-11,1.10755e-06,0.000106491,9.3078e-05,9.79775e-05,6.45045e-05,7.60573e-05,3.72689e-07,5.23392e-05,2.87175e-13,6.44935e-05,7.35453e-07,1.80365e-11,8.82017e-09,5.28389e-12,1.17832e-08,4.27225e-12,8.4275e-11],
  [0.00156695,0.00512673,0.00370991,0.00519011,0.00287304,0.0040687,0.000461423,0.00361186,0.00148462,0.000891857,0.00199545,-0.0894142,0.00282561,5.30094e-09,0.00015286,0.00131575,0.00217206,0.000614056,0.0011589,0.000463532,0.000855158,0.000648868,0.00664796,0.00200555,0.000976541,0.000511305,0.000633889,0.00422708,0.00166832,0.00292038,0.00107446,0.00168337,0.00267744,0.000698656,0.000508829,0.00274869,0.00017075,0.000361563,0.00177304,0.000307073,0.000414327,0.000717948,0.0031265,0.00092203,0.00126999,1.48043e-09,0.000506801,8.89458e-07,0.00267428,0.000306812,0.00046563,0.000306278,6.70154e-06,0.000747199,0.000246915,0.000459988,0.000192908,0.000461014,0.00117488,3.70042e-10,3.55478e-12,3.16319e-10,5.22944e-06,0.000502811,0.00043948,0.000462614,0.000304567,0.000359114,1.7597e-06,0.000247127,1.35594e-12,0.000304514,3.47253e-06,8.51615e-11,4.16456e-08,2.49486e-11,5.56357e-08,2.0172e-11,3.97915e-10],
  [0.000469931,0.00153752,0.00111261,0.00155653,0.000861633,0.00122021,0.000138382,0.00108321,0.000445242,0.00026747,0.00059844,0.00282561,-0.0287937,1.58976e-09,4.5843e-05,0.000394596,0.000651406,0.000184157,0.000347557,0.000139014,0.000256464,0.000194597,0.00199374,0.00060147,0.000292867,0.000153342,0.000190105,0.00126771,0.000500334,0.000875828,0.000322232,0.000504847,0.00080297,0.000209529,0.000152599,0.000824338,5.12082e-05,0.000108434,0.000531738,9.20919e-05,0.000124258,0.000215314,0.000937646,0.000276519,0.000380874,4.43985e-10,0.000151991,2.66751e-07,0.000802024,9.20136e-05,0.000139643,9.18535e-05,2.00981e-06,0.000224087,7.40505e-05,0.000137952,5.78537e-05,0.000138259,0.000352348,1.10976e-10,1.06609e-12,9.48649e-11,1.56832e-06,0.000150794,0.000131801,0.000138739,9.13402e-05,0.000107699,5.27737e-07,7.41138e-05,4.06648e-13,9.13246e-05,1.04142e-06,2.55401e-11,1.24896e-08,7.48214e-12,1.66853e-08,6.04962e-12,1.19336e-10],
  [8.81606e-10,2.88443e-09,2.0873e-09,2.92009e-09,1.61645e-09,2.28916e-09,2.59609e-10,2.03213e-09,8.35288e-10,5.01782e-10,1.12269e-09,5.30094e-09,1.58976e-09,-5.56078e-08,8.6003e-11,7.40274e-10,1.22206e-09,3.45484e-10,6.52028e-10,2.60795e-10,4.81135e-10,3.6507e-10,3.74032e-09,1.12838e-09,5.49428e-10,2.87674e-10,3.56643e-10,2.37827e-09,9.38643e-10,1.64308e-09,6.04518e-10,9.4711e-10,1.5064e-09,3.93082e-10,2.8628e-10,1.54649e-09,9.60683e-11,2.03425e-10,9.97558e-10,1.72767e-10,2.33111e-10,4.03937e-10,1.75905e-09,5.18759e-10,7.14532e-10,8.32931e-16,2.85139e-10,5.00433e-13,1.50462e-09,1.72621e-10,2.61976e-10,1.7232e-10,3.77046e-12,4.20394e-10,1.38921e-10,2.58802e-10,1.08535e-10,2.59379e-10,6.61017e-10,2.08195e-16,2.00002e-18,1.7797e-16,2.94222e-12,2.82895e-10,2.47263e-10,2.60279e-10,1.71357e-10,2.02047e-10,9.90052e-13,1.3904e-10,7.62885e-19,1.71328e-10,1.95374e-12,4.79141e-17,2.34309e-14,1.40367e-17,3.13021e-14,1.13493e-17,2.23878e-16],
  [2.54223e-05,8.31766e-05,6.019e-05,8.42049e-05,4.66126e-05,6.6011e-05,7.48618e-06,5.85993e-05,2.40867e-05,1.44696e-05,3.23744e-05,0.00015286,4.5843e-05,8.6003e-11,-0.00160105,2.13468e-05,3.52397e-05,9.96251e-06,1.88021e-05,7.5204e-06,1.38742e-05,1.05273e-05,0.000107857,3.25383e-05,1.58435e-05,8.29547e-06,1.02843e-05,6.85806e-05,2.70671e-05,4.73805e-05,1.74321e-05,2.73112e-05,4.3439e-05,1.13351e-05,8.25529e-06,4.4595e-05,2.77026e-06,5.86604e-06,2.8766e-05,4.98199e-06,6.72208e-06,1.16481e-05,5.07247e-05,1.49591e-05,2.06045e-05,2.40187e-11,8.22239e-06,1.44307e-08,4.33879e-05,4.97775e-06,7.55443e-06,4.96909e-06,1.08727e-07,1.21226e-05,4.00598e-06,7.4629e-06,3.12977e-06,7.47955e-06,1.90613e-05,6.0036e-12,5.76732e-14,5.132e-12,8.4843e-08,8.15766e-06,7.13017e-06,7.50549e-06,4.94132e-06,5.82631e-06,2.85495e-08,4.00941e-06,2.19988e-14,4.94047e-06,5.63388e-08,1.38167e-12,6.75663e-10,4.04769e-13,9.0264e-10,3.27272e-13,6.45582e-12],
  [0.000218824,0.000715946,0.000518088,0.000724797,0.00040122,0.000568193,6.44376e-05,0.000504396,0.000207327,0.000124548,0.000278664,0.00131575,0.000394596,7.40274e-10,2.13468e-05,-0.0136187,0.000303328,8.57527e-05,0.00016184,6.47321e-05,0.000119423,9.06142e-05,0.000928386,0.000280075,0.000136374,7.14036e-05,8.85224e-05,0.00059031,0.000232981,0.00040783,0.000150048,0.000235082,0.000373903,9.75671e-05,7.10578e-05,0.000383854,2.38451e-05,5.04922e-05,0.000247604,4.28827e-05,5.78606e-05,0.000100261,0.000436615,0.000128761,0.000177354,2.06742e-10,7.07745e-05,1.24213e-07,0.000373463,4.28462e-05,6.50251e-05,4.27716e-05,9.35868e-07,0.000104346,3.44817e-05,6.42372e-05,2.69396e-05,6.43805e-05,0.000164071,5.16762e-11,4.96424e-13,4.41739e-11,7.30289e-07,7.02174e-05,6.13732e-05,6.46038e-05,4.25326e-05,5.01502e-05,2.45741e-07,3.45111e-05,1.89356e-13,4.25253e-05,4.84938e-07,1.18928e-11,5.81579e-09,3.48406e-12,7.76951e-09,2.81701e-12,5.55688e-11],
  [0.000361238,0.0011819,0.00085527,0.00119651,0.000662341,0.000937983,0.000106375,0.000832666,0.00034226,0.000205605,0.000460023,0.00217206,0.000651406,1.22206e-09,3.52397e-05,0.000303328,-0.0222846,0.000141562,0.000267168,0.000106861,0.000197145,0.000149588,0.0015326,0.000462353,0.000225128,0.000117874,0.000146134,0.000974495,0.000384609,0.000673253,0.000247701,0.000388079,0.000617247,0.000161066,0.000117303,0.000633673,3.9364e-05,8.33534e-05,0.00040875,7.07915e-05,9.55174e-05,0.000165513,0.000720773,0.000212562,0.00029278,3.41294e-10,0.000116836,2.05052e-07,0.00061652,7.07313e-05,0.000107345,7.06082e-05,1.54495e-06,0.000172257,5.6923e-05,0.000106044,4.44724e-05,0.000106281,0.000270852,8.53081e-11,8.19507e-13,7.29231e-11,1.20558e-06,0.000115916,0.000101316,0.000106649,7.02136e-05,8.27889e-05,4.05674e-07,5.69716e-05,3.12592e-13,7.02016e-05,8.00545e-07,1.96328e-11,9.60082e-09,5.75155e-12,1.28261e-08,4.65037e-12,9.17339e-11],
  [0.000102124,0.00033413,0.000241791,0.000338261,0.000187248,0.000265174,3.00729e-05,0.0002354,9.67591e-05,5.8126e-05,0.000130052,0.000614056,0.000184157,3.45484e-10,9.96251e-06,8.57527e-05,0.000141562,-0.00640154,7.55303e-05,3.02103e-05,5.57342e-05,4.22894e-05,0.000433275,0.00013071,6.36453e-05,3.33239e-05,4.13132e-05,0.000275496,0.000108732,0.000190333,7.00268e-05,0.000109712,0.0001745,4.55343e-05,3.31625e-05,0.000179144,1.11285e-05,2.35646e-05,0.000115556,2.00132e-05,2.70034e-05,4.67917e-05,0.000203767,6.00926e-05,8.27708e-05,9.6486e-11,3.30303e-05,5.79697e-08,0.000174294,1.99962e-05,3.0347e-05,1.99614e-05,4.36767e-07,4.86981e-05,1.60925e-05,2.99794e-05,1.25726e-05,3.00462e-05,7.65716e-05,2.41172e-11,2.3168e-13,2.06158e-11,3.40824e-07,3.27703e-05,2.86427e-05,3.01505e-05,1.98499e-05,2.3405e-05,1.14687e-07,1.61063e-05,8.8372e-14,1.98465e-05,2.2632e-07,5.55033e-12,2.71422e-09,1.626e-12,3.62601e-09,1.31469e-12,2.59338e-11],
  [0.000192738,0.0006306,0.000456328,0.000638396,0.000353391,0.000500459,5.67561e-05,0.000444268,0.000182612,0.0001097,0.000245445,0.0011589,0.000347557,6.52028e-10,1.88021e-05,0.00016184,0.000267168,7.55303e-05,-0.0120145,5.70155e-05,0.000105186,7.98123e-05,0.000817715,0.000246688,0.000120117,6.28917e-05,7.79698e-05,0.00051994,0.000205208,0.000359213,0.000132161,0.000207059,0.000329331,8.59363e-05,6.25871e-05,0.000338095,2.10026e-05,4.44731e-05,0.000218088,3.77707e-05,5.09632e-05,8.83093e-05,0.000384567,0.000113412,0.000156212,1.82097e-10,6.23376e-05,1.09405e-07,0.000328943,3.77386e-05,5.72735e-05,3.76729e-05,8.24305e-07,9.19072e-05,3.03712e-05,5.65796e-05,2.37282e-05,5.67058e-05,0.000144513,4.5516e-11,4.37247e-13,3.8908e-11,6.43233e-07,6.18469e-05,5.40571e-05,5.69025e-05,3.74624e-05,4.41719e-05,2.16447e-07,3.03971e-05,1.66783e-13,3.7456e-05,4.2713e-07,1.04751e-11,5.1225e-09,3.06873e-12,6.84332e-09,2.4812e-12,4.89445e-11],
  [7.70906e-05,0.000252225,0.00018252,0.000255343,0.000141348,0.000200172,2.27011e-05,0.000177696,7.30405e-05,4.38776e-05,9.81721e-05,0.000463532,0.000139014,2.60795e-10,7.5204e-06,6.47321e-05,0.000106861,3.02103e-05,5.70155e-05,-0.00483973,4.20721e-05,3.1923e-05,0.000327066,9.86692e-05,4.80439e-05,2.51552e-05,3.11861e-05,0.000207964,8.20782e-05,0.000143677,5.28611e-05,8.28186e-05,0.000131725,3.43725e-05,2.50333e-05,0.00013523,8.40054e-06,1.77882e-05,8.72299e-05,1.51074e-05,2.03841e-05,3.53216e-05,0.000153818,4.5362e-05,6.24811e-05,7.28343e-11,2.49336e-05,4.37595e-08,0.000131569,1.50945e-05,2.2908e-05,1.50683e-05,3.29702e-07,3.67607e-05,1.21477e-05,2.26305e-05,9.49071e-06,2.2681e-05,5.78016e-05,1.82053e-11,1.74888e-13,1.55623e-11,2.57278e-07,2.47373e-05,2.16215e-05,2.27597e-05,1.49841e-05,1.76677e-05,8.65736e-08,1.21581e-05,6.67093e-14,1.49815e-05,1.70842e-07,4.18977e-12,2.04888e-09,1.22742e-12,2.73716e-09,9.9242e-13,1.95766e-11],
  [0.000142222,0.000465323,0.000336727,0.000471076,0.000260769,0.000369292,4.18806e-05,0.000327827,0.00013475,8.09485e-05,0.000181115,0.000855158,0.000256464,4.81135e-10,1.38742e-05,0.000119423,0.000197145,5.57342e-05,0.000105186,4.20721e-05,-0.00889314,5.88939e-05,0.000603396,0.000182032,8.86348e-05,4.64081e-05,5.75343e-05,0.000383667,0.000151424,0.000265065,9.75221e-05,0.00015279,0.000243015,6.34128e-05,4.61834e-05,0.000249482,1.54979e-05,3.28169e-05,0.000160928,2.78712e-05,3.7606e-05,6.51639e-05,0.000283774,8.36872e-05,0.00011527,1.3437e-10,4.59993e-05,8.07308e-08,0.000242729,2.78475e-05,4.22624e-05,2.7799e-05,6.08259e-07,6.78188e-05,2.2411e-05,4.17504e-05,1.75092e-05,4.18435e-05,0.000106637,3.35865e-11,3.22647e-13,2.87104e-11,4.74645e-07,4.56372e-05,3.9889e-05,4.19887e-05,2.76437e-05,3.25947e-05,1.59717e-07,2.24302e-05,1.2307e-13,2.7639e-05,3.15181e-07,7.7296e-12,3.77992e-09,2.26443e-12,5.04972e-09,1.83089e-12,3.61164e-11],
  [0.000107914,0.000353073,0.000255498,0.000357438,0.000197864,0.000280207,3.17777e-05,0.000248746,0.000102245,6.14213e-05,0.000137425,0.000648868,0.000194597,3.6507e-10,1.05273e-05,9.06142e-05,0.000149588,4.22894e-05,7.98123e-05,3.1923e-05,5.88939e-05,-0.00676205,0.000457839,0.000138121,6.72534e-05,3.52131e-05,4.36553e-05,0.000291115,0.000114896,0.000201123,7.39968e-05,0.000115932,0.000184393,4.81157e-05,3.50425e-05,0.000189299,1.17594e-05,2.49005e-05,0.000122107,2.11478e-05,2.85343e-05,4.94444e-05,0.000215319,6.34993e-05,8.74632e-05,1.01956e-10,3.49029e-05,6.12561e-08,0.000184175,2.11298e-05,3.20675e-05,2.10931e-05,4.61528e-07,5.14589e-05,1.70048e-05,3.16789e-05,1.32854e-05,3.17496e-05,8.09126e-05,2.54844e-11,2.44814e-13,2.17846e-11,3.60146e-07,3.46281e-05,3.02666e-05,3.18597e-05,2.09752e-05,2.47319e-05,1.21189e-07,1.70194e-05,9.33819e-14,2.09716e-05,2.3915e-07,5.86499e-12,2.86809e-09,1.71818e-12,3.83158e-09,1.38922e-12,2.7404e-11],
  [0.00110563,0.0036174,0.0026177,0.00366212,0.00202721,0.00287086,0.000325578,0.00254852,0.00104754,0.00062929,0.00140798,0.00664796,0.00199374,3.74032e-09,0.000107857,0.000928386,0.0015326,0.000433275,0.000817715,0.000327066,0.000603396,0.000457839,-0.0650475,0.00141511,0.000689043,0.000360775,0.000447269,0.00298261,0.00117716,0.00206061,0.000758132,0.00118778,0.00188919,0.000492969,0.000359027,0.00193946,0.00012048,0.000255117,0.00125105,0.000216669,0.000292347,0.000506581,0.00220605,0.000650581,0.000896102,1.04459e-09,0.000357596,6.27598e-07,0.00188696,0.000216485,0.000328546,0.000216109,4.72858e-06,0.000527221,0.000174222,0.000324566,0.000136115,0.00032529,0.000828988,2.611e-10,2.50824e-12,2.23193e-10,3.68987e-06,0.000354781,0.000310095,0.000326418,0.000214901,0.00025339,1.24164e-06,0.000174371,9.56742e-13,0.000214864,2.45021e-06,6.00896e-11,2.9385e-08,1.76036e-11,3.92563e-08,1.42333e-11,2.80767e-10],
  [0.000333546,0.0010913,0.000789706,0.00110479,0.000611567,0.000866079,9.82203e-05,0.000768835,0.000316023,0.000189844,0.000424759,0.00200555,0.00060147,1.12838e-09,3.25383e-05,0.000280075,0.000462353,0.00013071,0.000246688,9.86692e-05,0.000182032,0.000138121,0.00141511,-0.0206117,0.00020787,0.000108838,0.000134932,0.000899792,0.000355126,0.000621643,0.000228713,0.000358329,0.00056993,0.000148719,0.000108311,0.000585096,3.63464e-05,7.69637e-05,0.000377416,6.53648e-05,8.81952e-05,0.000152825,0.00066552,0.000196267,0.000270336,3.15131e-10,0.00010788,1.89333e-07,0.000569259,6.53092e-05,9.91157e-05,6.51955e-05,1.42652e-06,0.000159052,5.25594e-05,9.79149e-05,4.10632e-05,9.81333e-05,0.000250089,7.87686e-11,7.56685e-13,6.73329e-11,1.11316e-06,0.00010703,9.35494e-05,9.84737e-05,6.48312e-05,7.64425e-05,3.74576e-07,5.26043e-05,2.8863e-13,6.48201e-05,7.39177e-07,1.81278e-11,8.86484e-09,5.31065e-12,1.18428e-08,4.29388e-12,8.47018e-11],
  [0.00016241,0.000531372,0.000384522,0.000537941,0.000297783,0.00042171,4.78252e-05,0.00037436,0.000153877,9.24385e-05,0.000206823,0.000976541,0.000292867,5.49428e-10,1.58435e-05,0.000136374,0.000225128,6.36453e-05,0.000120117,4.80439e-05,8.86348e-05,6.72534e-05,0.000689043,0.00020787,-0.0101429,5.29954e-05,6.57008e-05,0.000438125,0.000172917,0.000302689,0.000111365,0.000174477,0.000277509,7.24138e-05,5.27387e-05,0.000284894,1.76977e-05,3.7475e-05,0.000183771,3.18273e-05,4.29439e-05,7.44134e-05,0.000324054,9.5566e-05,0.000131631,1.53443e-10,5.25285e-05,9.21899e-08,0.000277182,3.18002e-05,4.82613e-05,3.17449e-05,6.94596e-07,7.74452e-05,2.55921e-05,4.76765e-05,1.99944e-05,4.77829e-05,0.000121773,3.83538e-11,3.68444e-13,3.27856e-11,5.42017e-07,5.2115e-05,4.55509e-05,4.79486e-05,3.15675e-05,3.72212e-05,1.82388e-07,2.5614e-05,1.40539e-13,3.15621e-05,3.59919e-07,8.82675e-12,4.31645e-09,2.58585e-12,5.76649e-09,2.09077e-12,4.12428e-11],
  [8.50358e-05,0.00027822,0.000201331,0.000281659,0.000155916,0.000220802,2.50407e-05,0.00019601,8.05682e-05,4.83997e-05,0.00010829,0.000511305,0.000153342,2.87674e-10,8.29547e-06,7.14036e-05,0.000117874,3.33239e-05,6.28917e-05,2.51552e-05,4.64081e-05,3.52131e-05,0.000360775,0.000108838,5.29954e-05,-0.00533593,3.44002e-05,0.000229397,9.05374e-05,0.000158484,5.83091e-05,9.13541e-05,0.0001453,3.7915e-05,2.76134e-05,0.000149167,9.26632e-06,1.96215e-05,9.622e-05,1.66644e-05,2.24849e-05,3.8962e-05,0.000169671,5.00372e-05,6.89206e-05,8.03408e-11,2.75033e-05,4.82695e-08,0.000145129,1.66502e-05,2.5269e-05,1.66212e-05,3.63682e-07,4.05493e-05,1.33997e-05,2.49629e-05,1.04688e-05,2.50185e-05,6.37588e-05,2.00816e-11,1.92913e-13,1.71662e-11,2.83794e-07,2.72868e-05,2.38499e-05,2.51053e-05,1.65284e-05,1.94886e-05,9.54961e-08,1.34112e-05,7.35845e-14,1.65255e-05,1.88449e-07,4.62158e-12,2.26004e-09,1.35392e-12,3.01926e-09,1.0947e-12,2.15943e-11],
  [0.000105423,0.000344922,0.0002496,0.000349186,0.000193296,0.000273739,3.10441e-05,0.000243003,9.98842e-05,6.00034e-05,0.000134252,0.000633889,0.000190105,3.56643e-10,1.02843e-05,8.85224e-05,0.000146134,4.13132e-05,7.79698e-05,3.11861e-05,5.75343e-05,4.36553e-05,0.000447269,0.000134932,6.57008e-05,3.44002e-05,-0.00660696,0.000284394,0.000112243,0.00019648,7.22886e-05,0.000113256,0.000180136,4.7005e-05,3.42336e-05,0.000184929,1.14879e-05,2.43257e-05,0.000119288,2.06596e-05,2.78756e-05,4.8303e-05,0.000210349,6.20334e-05,8.54441e-05,9.96023e-11,3.40971e-05,5.9842e-08,0.000179924,2.0642e-05,3.13272e-05,2.06061e-05,4.50874e-07,5.02709e-05,1.66123e-05,3.09476e-05,1.29787e-05,3.10167e-05,7.90447e-05,2.48961e-11,2.39163e-13,2.12817e-11,3.51832e-07,3.38287e-05,2.95678e-05,3.11242e-05,2.0491e-05,2.41609e-05,1.18391e-07,1.66265e-05,9.12262e-14,2.04875e-05,2.33629e-07,5.72959e-12,2.80188e-09,1.67852e-12,3.74312e-09,1.35715e-12,2.67714e-11],
  [0.000703011,0.00230011,0.00166445,0.00232854,0.00128899,0.00182542,0.000207017,0.00162046,0.000666076,0.000400132,0.000895258,0.00422708,0.00126771,2.37827e-09,6.85806e-05,0.00059031,0.000974495,0.000275496,0.00051994,0.000207964,0.000383667,0.000291115,0.00298261,0.000899792,0.000438125,0.000229397,0.000284394,-0.0424463,0.000748494,0.00131023,0.000482055,0.000755245,0.00120123,0.000313452,0.000228286,0.0012332,7.66068e-05,0.000162215,0.000795473,0.000137768,0.000185888,0.000322108,0.00140271,0.000413669,0.000569782,6.64196e-10,0.000227376,3.99055e-07,0.00119982,0.000137651,0.000208905,0.000137412,3.00665e-06,0.000335231,0.000110779,0.000206374,8.65484e-05,0.000206834,0.000527109,1.66019e-10,1.59485e-12,1.41917e-10,2.34619e-06,0.000225586,0.000197173,0.000207552,0.000136644,0.000161117,7.89488e-07,0.000110873,6.0834e-13,0.00013662,1.55795e-06,3.82077e-11,1.86843e-08,1.11932e-11,2.4961e-08,9.05015e-12,1.78525e-10],
  [0.000277461,0.000907796,0.000656919,0.000919019,0.000508733,0.000720449,8.17047e-05,0.000639557,0.000262884,0.000157922,0.000353336,0.00166832,0.000500334,9.38643e-10,2.70671e-05,0.000232981,0.000384609,0.000108732,0.000205208,8.20782e-05,0.000151424,0.000114896,0.00117716,0.000355126,0.000172917,9.05374e-05,0.000112243,0.000748494,-0.0172056,0.000517115,0.000190255,0.000298077,0.000474097,0.000123712,9.00989e-05,0.000486714,3.02348e-05,6.40224e-05,0.000313954,5.43738e-05,7.33654e-05,0.000127128,0.000553614,0.000163265,0.000224879,2.62142e-10,8.97398e-05,1.57497e-07,0.000473539,5.43276e-05,8.24496e-05,5.4233e-05,1.18665e-06,0.000132307,4.37216e-05,8.14507e-05,3.41585e-05,8.16324e-05,0.000208037,6.55238e-11,6.2945e-13,5.6011e-11,9.25983e-07,8.90333e-05,7.78192e-05,8.19155e-05,5.393e-05,6.35888e-05,3.11592e-07,4.3759e-05,2.40097e-13,5.39207e-05,6.14886e-07,1.50796e-11,7.37423e-09,4.41768e-12,9.85148e-09,3.57187e-12,7.04593e-11],
  [0.000485692,0.00158908,0.00114993,0.00160873,0.00089053,0.00126114,0.000143023,0.00111954,0.000460175,0.00027644,0.00061851,0.00292038,0.000875828,1.64308e-09,4.73805e-05,0.00040783,0.000673253,0.000190333,0.000359213,0.000143677,0.000265065,0.000201123,0.00206061,0.000621643,0.000302689,0.000158484,0.00019648,0.00131023,0.000517115,-0.0297301,0.000333039,0.000521779,0.0008299,0.000216556,0.000157717,0.000851985,5.29257e-05,0.00011207,0.000549572,9.51805e-05,0.000128425,0.000222536,0.000969093,0.000285793,0.000393648,4.58876e-10,0.000157088,2.75697e-07,0.000828923,9.50996e-05,0.000144327,9.49341e-05,2.07721e-06,0.000231602,7.6534e-05,0.000142578,5.9794e-05,0.000142896,0.000364166,1.14698e-10,1.10184e-12,9.80465e-11,1.62092e-06,0.000155852,0.000136221,0.000143392,9.44036e-05,0.000111311,5.45437e-07,7.65995e-05,4.20286e-13,9.43874e-05,1.07635e-06,2.63967e-11,1.29085e-08,7.73308e-12,1.72449e-08,6.25251e-12,1.23338e-10],
  [0.000178694,0.000584651,0.000423078,0.000591879,0.000327641,0.000463994,5.26206e-05,0.000411896,0.000169306,0.000101707,0.000227561,0.00107446,0.000322232,6.04518e-10,1.74321e-05,0.000150048,0.000247701,7.00268e-05,0.000132161,5.28611e-05,9.75221e-05,7.39968e-05,0.000758132,0.000228713,0.000111365,5.83091e-05,7.22886e-05,0.000482055,0.000190255,0.000333039,-0.0111487,0.000191972,0.000305335,7.96746e-05,5.80267e-05,0.00031346,1.94723e-05,4.12326e-05,0.000202197,3.50186e-05,4.72498e-05,8.18747e-05,0.000356546,0.000105148,0.00014483,1.68828e-10,5.77954e-05,1.01434e-07,0.000304975,3.49888e-05,5.31003e-05,3.49279e-05,7.64242e-07,8.52104e-05,2.81582e-05,5.2457e-05,2.19992e-05,5.2574e-05,0.000133983,4.21995e-11,4.05387e-13,3.6073e-11,5.96364e-07,5.73405e-05,5.01182e-05,5.27564e-05,3.47327e-05,4.09534e-05,2.00676e-07,2.81823e-05,1.54631e-13,3.47268e-05,3.96007e-07,9.7118e-12,4.74926e-09,2.84513e-12,6.34469e-09,2.30041e-12,4.53782e-11],
  [0.000279964,0.000915985,0.000662844,0.000927309,0.000513322,0.000726948,8.24417e-05,0.000645326,0.000265255,0.000159347,0.000356524,0.00168337,0.000504847,9.4711e-10,2.73112e-05,0.000235082,0.000388079,0.000109712,0.000207059,8.28186e-05,0.00015279,0.000115932,0.00118778,0.000358329,0.000174477,9.13541e-05,0.000113256,0.000755245,0.000298077,0.000521779,0.000191972,-0.0173581,0.000478374,0.000124828,9.09116e-05,0.000491104,3.05076e-05,6.45999e-05,0.000316786,5.48643e-05,7.40271e-05,0.000128275,0.000558607,0.000164738,0.000226908,2.64507e-10,9.05493e-05,1.58918e-07,0.00047781,5.48176e-05,8.31933e-05,5.47222e-05,1.19735e-06,0.000133501,4.4116e-05,8.21854e-05,3.44666e-05,8.23687e-05,0.000209913,6.61148e-11,6.35128e-13,5.65162e-11,9.34336e-07,8.98364e-05,7.85212e-05,8.26544e-05,5.44164e-05,6.41624e-05,3.14402e-07,4.41537e-05,2.42263e-13,5.44071e-05,6.20432e-07,1.52157e-11,7.44075e-09,4.45752e-12,9.94034e-09,3.60409e-12,7.10949e-11],
  [0.000445288,0.00145689,0.00105427,0.0014749,0.000816449,0.00115623,0.000131125,0.0010264,0.000421894,0.000253444,0.000567058,0.00267744,0.00080297,1.5064e-09,4.3439e-05,0.000373903,0.000617247,0.0001745,0.000329331,0.000131725,0.000243015,0.000184393,0.00188919,0.00056993,0.000277509,0.0001453,0.000180136,0.00120123,0.000474097,0.0008299,0.000305335,0.000478374,-0.0273259,0.000198541,0.000144597,0.000781111,4.85229e-05,0.000102747,0.000503854,8.72627e-05,0.000117742,0.000204024,0.000888476,0.000262019,0.000360901,4.20703e-10,0.00014402,2.52762e-07,0.000759967,8.71885e-05,0.000132321,8.70368e-05,1.90441e-06,0.000212336,7.01674e-05,0.000130718,5.48199e-05,0.000131009,0.000333872,1.05157e-10,1.01018e-12,8.98902e-11,1.48608e-06,0.000142887,0.00012489,0.000131464,8.65504e-05,0.000102052,5.00063e-07,7.02274e-05,3.85324e-13,8.65356e-05,9.8681e-07,2.42008e-11,1.18347e-08,7.08978e-12,1.58103e-08,5.73238e-12,1.13078e-10],
  [0.000116194,0.000380164,0.000275102,0.000384864,0.000213046,0.000301708,3.42161e-05,0.000267832,0.00011009,6.61342e-05,0.000147969,0.000698656,0.000209529,3.93082e-10,1.13351e-05,9.75671e-05,0.000161066,4.55343e-05,8.59363e-05,3.43725e-05,6.34128e-05,4.81157e-05,0.000492969,0.000148719,7.24138e-05,3.7915e-05,4.7005e-05,0.000313452,0.000123712,0.000216556,7.96746e-05,0.000124828,0.000198541,-0.00727721,3.77313e-05,0.000203824,1.26617e-05,2.68111e-05,0.000131477,2.27705e-05,3.07237e-05,5.32383e-05,0.000231841,6.83716e-05,9.41742e-05,1.09779e-10,3.7581e-05,6.59563e-08,0.000198307,2.27511e-05,3.4528e-05,2.27115e-05,4.96942e-07,5.54073e-05,1.83096e-05,3.41097e-05,1.43048e-05,3.41858e-05,8.71211e-05,2.74399e-11,2.63599e-13,2.34561e-11,3.8778e-07,3.72851e-05,3.25889e-05,3.43043e-05,2.25846e-05,2.66295e-05,1.30487e-07,1.83253e-05,1.00547e-13,2.25808e-05,2.575e-07,6.31501e-12,3.08816e-09,1.85002e-12,4.12557e-09,1.49582e-12,2.95068e-11],
  [8.46239e-05,0.000276872,0.000200356,0.000280295,0.000155161,0.000219733,2.49194e-05,0.000195061,8.0178e-05,4.81653e-05,0.000107765,0.000508829,0.000152599,2.8628e-10,8.25529e-06,7.10578e-05,0.000117303,3.31625e-05,6.25871e-05,2.50333e-05,4.61834e-05,3.50425e-05,0.000359027,0.000108311,5.27387e-05,2.76134e-05,3.42336e-05,0.000228286,9.00989e-05,0.000157717,5.80267e-05,9.09116e-05,0.000144597,3.77313e-05,-0.00531022,0.000148445,9.22144e-06,1.95264e-05,9.5754e-05,1.65837e-05,2.2376e-05,3.87733e-05,0.000168849,4.97948e-05,6.85868e-05,7.99517e-11,2.73701e-05,4.80357e-08,0.000144426,1.65696e-05,2.51466e-05,1.65407e-05,3.61921e-07,4.0353e-05,1.33348e-05,2.4842e-05,1.04181e-05,2.48974e-05,6.345e-05,1.99844e-11,1.91978e-13,1.7083e-11,2.82419e-07,2.71546e-05,2.37344e-05,2.49837e-05,1.64483e-05,1.93942e-05,9.50336e-08,1.33462e-05,7.32281e-14,1.64455e-05,1.87536e-07,4.5992e-12,2.2491e-09,1.34736e-12,3.00464e-09,1.0894e-12,2.14897e-11],
  [0.000457138,0.00149566,0.00108232,0.00151415,0.000838176,0.00118699,0.000134615,0.00105372,0.000433121,0.000260189,0.000582148,0.00274869,0.000824338,1.54649e-09,4.4595e-05,0.000383854,0.000633673,0.000179144,0.000338095,0.00013523,0.000249482,0.000189299,0.00193946,0.000585096,0.000284894,0.000149167,0.000184929,0.0012332,0.000486714,0.000851985,0.00031346,0.000491104,0.000781111,0.000203824,0.000148445,-0.0280323,4.98142e-05,0.000105482,0.000517263,8.95849e-05,0.000120875,0.000209453,0.00091212,0.000268991,0.000370505,4.31899e-10,0.000147853,2.59489e-07,0.000780191,8.95087e-05,0.000135842,8.9353e-05,1.95509e-06,0.000217986,7.20346e-05,0.000134196,5.62787e-05,0.000134495,0.000342756,1.07955e-10,1.03707e-12,9.22823e-11,1.52563e-06,0.000146689,0.000128213,0.000134962,8.88536e-05,0.000104767,5.13371e-07,7.20962e-05,3.95578e-13,8.88384e-05,1.01307e-06,2.48448e-11,1.21496e-08,7.27845e-12,1.62311e-08,5.88493e-12,1.16087e-10],
  [2.83976e-05,9.29112e-05,6.72343e-05,9.40598e-05,5.20679e-05,7.37366e-05,8.36232e-06,6.54574e-05,2.69057e-05,1.6163e-05,3.61633e-05,0.00017075,5.12082e-05,9.60683e-11,2.77026e-06,2.38451e-05,3.9364e-05,1.11285e-05,2.10026e-05,8.40054e-06,1.54979e-05,1.17594e-05,0.00012048,3.63464e-05,1.76977e-05,9.26632e-06,1.14879e-05,7.66068e-05,3.02348e-05,5.29257e-05,1.94723e-05,3.05076e-05,4.85229e-05,1.26617e-05,9.22144e-06,4.98142e-05,-0.0017881,6.55257e-06,3.21326e-05,5.56505e-06,7.5088e-06,1.30113e-05,5.66613e-05,1.67099e-05,2.30159e-05,2.68297e-11,9.18469e-06,1.61195e-08,4.84658e-05,5.56032e-06,8.43856e-06,5.55064e-06,1.21451e-07,1.35414e-05,4.47482e-06,8.33632e-06,3.49606e-06,8.35491e-06,2.12922e-05,6.70623e-12,6.44229e-14,5.73262e-12,9.47725e-08,9.11239e-06,7.96465e-06,8.38389e-06,5.51962e-06,6.50819e-06,3.18908e-08,4.47865e-06,2.45735e-14,5.51868e-06,6.29324e-08,1.54337e-12,7.54738e-10,4.5214e-13,1.00828e-09,3.65574e-13,7.21137e-12],
  [6.0132e-05,0.00019674,0.000142369,0.000199172,0.000110254,0.000156137,1.77072e-05,0.000138606,5.69728e-05,3.42252e-05,7.65759e-05,0.000361563,0.000108434,2.03425e-10,5.86604e-06,5.04922e-05,8.33534e-05,2.35646e-05,4.44731e-05,1.77882e-05,3.28169e-05,2.49005e-05,0.000255117,7.69637e-05,3.7475e-05,1.96215e-05,2.43257e-05,0.000162215,6.40224e-05,0.00011207,4.12326e-05,6.45999e-05,0.000102747,2.68111e-05,1.95264e-05,0.000105482,6.55257e-06,-0.00377898,6.80408e-05,1.1784e-05,1.58999e-05,2.75515e-05,0.00011998,3.53832e-05,4.87363e-05,5.6812e-11,1.94486e-05,3.41332e-08,0.000102626,1.1774e-05,1.78687e-05,1.17535e-05,2.57173e-07,2.8674e-05,9.47545e-06,1.76522e-05,7.40291e-06,1.76916e-05,4.50862e-05,1.42005e-11,1.36416e-13,1.21388e-11,2.00681e-07,1.92955e-05,1.68652e-05,1.77529e-05,1.16878e-05,1.37811e-05,6.75289e-08,9.48355e-06,5.20344e-14,1.16858e-05,1.33259e-07,3.26809e-12,1.59816e-09,9.57409e-13,2.13504e-09,7.74105e-13,1.52701e-11],
  [0.000294876,0.000964775,0.000698151,0.000976702,0.000540664,0.000765669,8.6833e-05,0.000679699,0.000279384,0.000167834,0.000375514,0.00177304,0.000531738,9.97558e-10,2.8766e-05,0.000247604,0.00040875,0.000115556,0.000218088,8.72299e-05,0.000160928,0.000122107,0.00125105,0.000377416,0.000183771,9.622e-05,0.000119288,0.000795473,0.000313954,0.000549572,0.000202197,0.000316786,0.000503854,0.000131477,9.5754e-05,0.000517263,3.21326e-05,6.80408e-05,-0.0182658,5.77866e-05,7.79702e-05,0.000135107,0.000588362,0.000173512,0.000238994,2.78596e-10,9.53724e-05,1.67383e-07,0.000503261,5.77375e-05,8.76246e-05,5.7637e-05,1.26113e-06,0.000140612,4.64658e-05,8.6563e-05,3.63025e-05,8.67561e-05,0.000221094,6.96364e-11,6.68958e-13,5.95266e-11,9.84103e-07,9.46216e-05,8.27036e-05,8.7057e-05,5.73149e-05,6.758e-05,3.31149e-07,4.65055e-05,2.55167e-13,5.73051e-05,6.5348e-07,1.60261e-11,7.83708e-09,4.69495e-12,1.04698e-08,3.79607e-12,7.48818e-11],
  [5.10697e-05,0.00016709,0.000120913,0.000169155,9.36379e-05,0.000132606,1.50386e-05,0.000117717,4.83866e-05,2.90673e-05,6.50354e-05,0.000307073,9.20919e-05,1.72767e-10,4.98199e-06,4.28827e-05,7.07915e-05,2.00132e-05,3.77707e-05,1.51074e-05,2.78712e-05,2.11478e-05,0.000216669,6.53648e-05,3.18273e-05,1.66644e-05,2.06596e-05,0.000137768,5.43738e-05,9.51805e-05,3.50186e-05,5.48643e-05,8.72627e-05,2.27705e-05,1.65837e-05,8.95849e-05,5.56505e-06,1.1784e-05,5.77866e-05,-0.00321124,1.35037e-05,2.33993e-05,0.000101899,3.00507e-05,4.13914e-05,4.82501e-11,1.65176e-05,2.89891e-08,8.71599e-05,9.99957e-06,1.51757e-05,9.98218e-06,2.18416e-07,2.43526e-05,8.04743e-06,1.49919e-05,6.28725e-06,1.50253e-05,3.82914e-05,1.20604e-11,1.15857e-13,1.03094e-11,1.70437e-07,1.63875e-05,1.43235e-05,1.50774e-05,9.92639e-06,1.17042e-05,5.73518e-08,8.05431e-06,4.41925e-14,9.92469e-06,1.13176e-07,2.77557e-12,1.35731e-09,8.13121e-13,1.81327e-09,6.57442e-13,1.29688e-11],
  [6.89072e-05,0.00022545,0.000163145,0.000228238,0.000126344,0.000178923,2.02913e-05,0.000158833,6.5287e-05,3.92198e-05,8.77508e-05,0.000414327,0.000124258,2.33111e-10,6.72208e-06,5.78606e-05,9.55174e-05,2.70034e-05,5.09632e-05,2.03841e-05,3.7606e-05,2.85343e-05,0.000292347,8.81952e-05,4.29439e-05,2.24849e-05,2.78756e-05,0.000185888,7.33654e-05,0.000128425,4.72498e-05,7.40271e-05,0.000117742,3.07237e-05,2.2376e-05,0.000120875,7.5088e-06,1.58999e-05,7.79702e-05,1.35037e-05,-0.00432814,3.15721e-05,0.00013749,4.05467e-05,5.58486e-05,6.51028e-11,2.22868e-05,3.91143e-08,0.000117603,1.34922e-05,2.04763e-05,1.34687e-05,2.94703e-07,3.28584e-05,1.08582e-05,2.02282e-05,8.48324e-06,2.02733e-05,5.16658e-05,1.62728e-11,1.56323e-13,1.39103e-11,2.29967e-07,2.21114e-05,1.93263e-05,2.03437e-05,1.33935e-05,1.57922e-05,7.73836e-08,1.08675e-05,5.96279e-14,1.33912e-05,1.52706e-07,3.74502e-12,1.83138e-09,1.09713e-12,2.44661e-09,8.87072e-13,1.74985e-11],
  [0.000119403,0.000390662,0.000282699,0.000395492,0.000218929,0.000310039,3.51609e-05,0.000275228,0.00011313,6.79604e-05,0.000152055,0.000717948,0.000215314,4.03937e-10,1.16481e-05,0.000100261,0.000165513,4.67917e-05,8.83093e-05,3.53216e-05,6.51639e-05,4.94444e-05,0.000506581,0.000152825,7.44134e-05,3.8962e-05,4.8303e-05,0.000322108,0.000127128,0.000222536,8.18747e-05,0.000128275,0.000204024,5.32383e-05,3.87733e-05,0.000209453,1.30113e-05,2.75515e-05,0.000135107,2.33993e-05,3.15721e-05,-0.0074767,0.000238243,7.02597e-05,9.67748e-05,1.12811e-10,3.86187e-05,6.77776e-08,0.000203783,2.33794e-05,3.54815e-05,2.33387e-05,5.10664e-07,5.69373e-05,1.88152e-05,3.50516e-05,1.46998e-05,3.51298e-05,8.95268e-05,2.81976e-11,2.70878e-13,2.41038e-11,3.98489e-07,3.83147e-05,3.34888e-05,3.52516e-05,2.32083e-05,2.73649e-05,1.34091e-07,1.88313e-05,1.03324e-13,2.32043e-05,2.64611e-07,6.48939e-12,3.17344e-09,1.90111e-12,4.2395e-09,1.53712e-12,3.03216e-11],
