// This file is auto-generated by TongueTwisterReader. Do not edit

AlignmentCutoff = 0.95;

StatClass[][] TransitionStats = [
  [new(0.00217002,0.00516299,0.0115889),new(1e-06,4.10192e-05,0.000760236),new(1e-06,2.03172e-05,0.00015051),new(1e-06,0.00131548,0.00533957),new(1e-06,0.000212496,0.00107931),new(0.00197773,0.00473923,0.00929333),new(0.000990403,0.0031958,0.00642326),new(0.0180774,0.0271566,0.0449192),new(1e-06,8.11053e-05,0.000725977),new(1e-06,0.000145303,0.00107552)],
  [null,new(0.0168627,0.0246404,0.0414843),new(1e-06,5.61718e-06,1.18716e-06),new(0.0770911,0.136838,0.215556),new(0.00101819,0.00413012,0.0172008),new(1e-06,1.03415e-06,1.17341e-06),new(0.00271794,0.00492787,0.00819027),new(1e-06,1.0292e-06,1.13704e-06),new(1e-06,0.0092221,0.061963),new(1e-06,0.000204371,0.00167847)],
  [null,null,new(0.00547997,0.0127819,0.0245222),new(1.00341e-06,0.00232218,0.00863241),new(0.0186882,0.034903,0.059041),new(1e-06,6.50409e-05,0.000630171),new(1e-06,1.03409e-06,1.19752e-06),new(1e-06,1.32665e-05,1.1665e-06),new(1e-06,3.08596e-05,0.000456822),new(1e-06,0.000161421,0.000697191)],
  [null,null,null,new(0.00231654,0.0189941,0.0604605),new(0.00172728,0.0177079,0.0653101),new(0.000341822,0.00365649,0.0117216),new(0.00116331,0.0152019,0.0443484),new(0.00166668,0.0117029,0.0357346),new(0.0957847,0.327501,0.481193),new(0.000481772,0.00557523,0.0200604)],
  [null,null,null,null,new(0.0406661,0.0753561,0.136273),new(1e-06,0.00106129,0.00347554),new(1e-06,0.000169052,0.00212122),new(1e-06,0.00387101,0.018798),new(0.000526122,0.00354653,0.0141019),new(1e-06,0.000108448,0.00212294)],
  [null,null,null,null,null,new(0.0071515,0.0198814,0.0334086),new(0.0082959,0.0159804,0.0285992),new(0.0537936,0.0886156,0.140176),new(1e-06,0.000171947,0.00172028),new(0.000269772,0.00159622,0.0037901)],
  [null,null,null,null,null,null,new(0.000177002,0.00565309,0.0170582),new(0.000789692,0.0185721,0.0478922),new(1e-06,0.000286823,0.00316062),new(0.00468586,0.00896024,0.0169217)],
  [null,null,null,null,null,null,null,new(1.00327e-06,0.0127002,0.0745189),new(1e-06,0.00162079,0.0128644),new(0.000352189,0.00364331,0.0105556)],
  [null,null,null,null,null,null,null,null,new(0.000959135,0.0162692,0.0685531),new(1e-06,0.000162143,0.0011252)],
  [null,null,null,null,null,null,null,null,null,new(0.0294763,0.0491154,0.0943141)]
];

AverageRates = [
  [-0.00846269,6.40421e-06,6.24114e-06,6.59752e-06,5.34642e-06,5.22494e-06,2.19368e-05,3.88415e-06,1.85842e-06,1.64717e-06,2.11849e-06,1.27458e-05,0.00119723,4.7878e-09,1.65143e-06,0.000307118,0.000298002,5.34619e-06,0.000829012,0.000189708,0.000336021,2.71787e-06,8.91502e-06,1.37505e-05,7.0201e-06,0.000110989,2.69773e-06,2.74326e-05,0.0006643,2.24586e-05,0.000249878,2.05794e-06,1.52288e-05,0.000141718,1.76373e-06,0.00112381,1.20891e-05,4.10371e-07,0.000472739,0.000137276,3.53567e-06,6.07372e-06,3.69063e-06,0.000385989,4.79623e-06,1.58572e-08,5.92879e-07,2.2688e-07,0.000416184,6.81049e-05,0.000107542,3.49134e-07,5.92694e-05,0.000496651,2.64439e-06,4.00171e-06,1.11121e-05,5.1309e-07,4.65324e-06,1.28746e-06,1.87249e-09,9.16046e-07,0.000101569,0.000127299,0.000119986,0.000115356,1.24346e-05,0.000142418,1.00847e-06,2.21246e-06,2.94735e-06,3.15905e-06,4.5774e-07,8.0809e-08,5.45163e-08,4.03076e-08,5.04336e-09,5.38905e-08,1.01487e-07],
  [6.40421e-06,-0.0502629,2.24703e-06,0.005161,1.9249e-06,0.00408728,0.00297157,0.00303843,0.00145377,5.93039e-07,0.00165722,0.00997061,1.23867e-05,6.48557e-07,4.17989e-05,8.72715e-08,0.0005984,0.000135316,4.09143e-08,1.96274e-06,3.47651e-06,0.00040244,0.00697389,2.51856e-05,1.28581e-05,3.15391e-08,0.000399457,5.02461e-05,6.87292e-06,4.11356e-05,7.10063e-08,0.00160985,2.78933e-05,4.02711e-08,0.000261159,1.16271e-05,2.42753e-05,0.000321018,1.34335e-07,6.77498e-09,8.94899e-05,0.00015373,0.00288705,3.99348e-06,0.000710186,2.14802e-06,0.000463787,3.07333e-05,0.000835713,1.93529e-08,3.05596e-08,0.000273115,6.13207e-07,2.45112e-08,6.69313e-05,0.000101286,0.00150524,0.000401371,0.000689013,0.0001744,3.42968e-09,0.000124088,1.05084e-06,3.61736e-08,3.40957e-08,3.278e-08,0.0016844,1.47347e-06,0.000136607,5.59989e-05,0.000399249,7.99576e-05,6.20057e-05,1.19655e-05,1.54915e-11,1.02021e-06,1.27651e-07,1.94025e-08,2.5687e-06],
  [6.24114e-06,2.24703e-06,-0.0241004,2.31486e-06,0.00861801,1.83326e-06,9.9219e-05,1.36282e-06,6.5206e-07,0.00265511,7.43312e-07,4.47211e-06,1.20713e-05,2.16549e-08,0.000695001,1.07993e-05,2.47064e-07,0.00224993,1.03766e-06,1.91276e-06,3.38799e-06,2.64961e-06,3.12799e-06,3.91394e-05,1.9982e-05,3.90276e-06,2.62997e-06,7.80844e-05,6.69791e-06,6.39263e-05,8.78658e-06,7.22065e-07,4.33474e-05,4.98329e-06,1.71943e-06,1.1331e-05,1.00227e-08,1.43986e-07,1.66231e-05,1.71825e-07,0.00148797,0.0025561,1.29492e-06,3.89179e-06,4.67576e-06,7.17212e-08,2.08022e-07,1.02617e-06,3.45045e-07,2.3948e-06,3.78156e-06,1.225e-07,5.97593e-07,6.21647e-07,0.00111288,0.0016841,5.02592e-05,1.80027e-07,4.53637e-06,5.82311e-06,5.32986e-09,4.14322e-06,1.02408e-06,4.47626e-06,4.21912e-06,4.05632e-06,5.62411e-05,1.43595e-06,4.56123e-06,0.000931108,1.33307e-05,0.00132948,2.07033e-06,7.87793e-08,1.91698e-09,1.69633e-05,2.12248e-06,8.68673e-05,4.27104e-05],
  [6.59752e-06,0.005161,2.31486e-06,-0.0516243,1.983e-06,0.00421065,0.00306127,0.00313014,0.00149766,6.1094e-07,0.00170724,0.0102716,1.27606e-05,6.68134e-07,4.30606e-05,8.99058e-08,0.000616462,0.0001394,4.21493e-08,2.02199e-06,3.58145e-06,0.000414587,0.0071844,2.59458e-05,1.32463e-05,3.24911e-08,0.000411515,5.17627e-05,7.08038e-06,4.23772e-05,7.31496e-08,0.00165844,2.87353e-05,4.14867e-08,0.000269042,1.1978e-05,2.5008e-05,0.000330708,1.3839e-07,6.97949e-09,9.21912e-05,0.00015837,0.00297419,4.11402e-06,0.000731623,2.21286e-06,0.000477787,3.1661e-05,0.000860939,1.99371e-08,3.1482e-08,0.000281359,6.31717e-07,2.52511e-08,6.89516e-05,0.000104343,0.00155068,0.000413487,0.000709811,0.000179664,3.53321e-09,0.000127834,1.08256e-06,3.72655e-08,3.51248e-08,3.37694e-08,0.00173524,1.51795e-06,0.000140731,5.76892e-05,0.0004113,8.23711e-05,6.38773e-05,1.23267e-05,1.59592e-11,1.05101e-06,1.31504e-07,1.99882e-08,2.64623e-06],
  [5.34642e-06,1.9249e-06,0.00861801,1.983e-06,-0.0218809,1.57045e-06,8.49951e-05,1.16745e-06,5.58582e-07,0.00227448,6.36752e-07,3.83099e-06,1.03408e-05,1.85505e-08,0.000595367,9.25114e-06,2.11646e-07,0.00192738,8.889e-07,1.63855e-06,2.90229e-06,2.26976e-06,2.67957e-06,3.35285e-05,1.71175e-05,3.34327e-06,2.25294e-06,6.68904e-05,5.73771e-06,5.4762e-05,7.52695e-06,6.18551e-07,3.71332e-05,4.2689e-06,1.47294e-06,9.70661e-06,8.58582e-09,1.23345e-07,1.42401e-05,1.47193e-07,0.00127466,0.00218967,1.10929e-06,3.33387e-06,4.00546e-06,6.14394e-08,1.782e-07,8.79058e-07,2.9558e-07,2.05149e-06,3.23944e-06,1.04939e-07,5.11923e-07,5.32529e-07,0.000953343,0.00144267,4.30541e-05,1.54218e-07,3.88604e-06,4.98832e-06,4.56578e-09,3.54926e-06,8.77274e-07,3.83455e-06,3.61428e-06,3.47481e-06,4.81785e-05,1.2301e-06,3.90734e-06,0.000797626,1.14196e-05,0.00113888,1.77353e-06,6.74857e-08,1.64217e-09,1.45315e-05,1.81821e-06,7.44142e-05,3.65875e-05],
  [5.22494e-06,0.00408728,1.83326e-06,0.00421065,1.57045e-06,-0.0417601,0.00242439,0.00247893,0.00118608,4.83837e-07,0.00135206,0.00813462,1.01058e-05,5.29132e-07,3.4102e-05,7.12014e-08,0.00048821,0.000110399,3.33803e-08,1.60132e-06,2.83635e-06,0.000328334,0.00568972,2.05479e-05,1.04904e-05,2.57315e-08,0.000325901,4.09938e-05,5.60734e-06,3.35609e-05,5.79312e-08,0.00131341,2.27571e-05,3.28556e-08,0.000213069,9.48606e-06,1.98052e-05,0.000261906,1.09599e-07,5.52744e-09,7.30113e-05,0.000125422,0.00235542,3.25812e-06,0.000579412,1.75248e-06,0.000378385,2.50741e-05,0.000681825,1.57893e-08,2.49323e-08,0.000222824,5.00291e-07,1.99977e-08,5.46066e-05,8.2635e-05,0.00122807,0.000327463,0.000562138,0.000142286,2.79814e-09,0.000101238,8.57341e-07,2.95126e-08,2.78173e-08,2.67439e-08,0.00137423,1.20215e-06,0.000111452,4.56873e-05,0.000325731,6.52342e-05,5.05879e-05,9.76219e-06,1.26389e-11,8.3235e-07,1.04145e-07,1.58297e-08,2.0957e-06],
  [2.19368e-05,0.00297157,9.9219e-05,0.00306127,8.49951e-05,0.00242439,-0.0370719,0.00180226,0.000862311,2.6186e-05,0.000982987,0.0059141,4.24291e-05,9.61545e-09,1.91416e-05,3.29581e-05,0.000197169,6.1967e-05,4.96912e-05,6.72312e-06,1.19083e-05,0.00152648,0.00413659,7.33847e-05,3.74654e-05,1.19107e-05,0.00151517,0.000146405,2.35423e-05,0.000119859,2.68155e-05,0.000954889,8.12744e-05,1.52084e-05,0.000990595,3.9827e-05,7.99853e-06,0.000190413,5.07317e-05,8.22835e-06,4.09815e-05,7.03998e-05,0.00171246,1.36792e-05,0.00269379,3.18464e-08,0.000275097,4.5565e-07,0.000275362,7.30863e-06,1.15408e-05,0.000161999,2.10046e-06,2.97694e-05,3.06509e-05,4.63833e-05,2.23166e-05,0.000238075,0.00261348,2.58564e-06,9.99325e-09,1.83972e-06,3.59953e-06,1.3661e-05,1.28762e-05,1.23794e-05,2.49728e-05,5.04719e-06,2.02533e-06,2.56444e-05,5.91923e-06,3.66162e-05,9.19291e-07,4.53861e-05,5.85039e-09,4.67201e-07,5.8457e-08,8.56728e-07,1.17632e-06],
  [3.88415e-06,0.00303843,1.36282e-06,0.00313014,1.16745e-06,0.00247893,0.00180226,-0.03168,0.000881712,3.59678e-07,0.0010051,0.00604717,7.51252e-06,3.93349e-07,2.5351e-05,5.29301e-08,0.000362929,8.20688e-05,2.48145e-08,1.1904e-06,2.1085e-06,0.000244079,0.00422966,1.5275e-05,7.79845e-06,1.91284e-08,0.000242271,3.04742e-05,4.16842e-06,2.49487e-05,4.30652e-08,0.000976373,1.69173e-05,2.44244e-08,0.000158393,7.05181e-06,1.47229e-05,0.000194697,8.14741e-08,4.10902e-09,5.42756e-05,9.3237e-05,0.00175099,2.42204e-06,0.000430727,1.30277e-06,0.000281287,1.86397e-05,0.00050686,1.17375e-08,1.85344e-08,0.000165644,3.7191e-07,1.48661e-08,4.05938e-05,6.14298e-05,0.000912929,0.000243432,0.000417886,0.000105774,2.0801e-09,7.52593e-05,6.37335e-07,2.19393e-08,2.0679e-08,1.9881e-08,0.00102159,8.9366e-07,8.28521e-05,3.39633e-05,0.000242144,4.84942e-05,3.76064e-05,7.25708e-06,9.39561e-12,6.18758e-07,7.742e-08,1.17676e-08,1.55791e-06],
  [1.85842e-06,0.00145377,6.5206e-07,0.00149766,5.58582e-07,0.00118608,0.000862311,0.000881712,-0.0156175,1.72092e-07,0.000480904,0.00289334,3.59446e-06,1.88203e-07,1.21295e-05,2.53251e-08,0.000173648,3.92668e-05,1.18728e-08,5.69562e-07,1.00884e-06,0.000116783,0.00202373,7.30853e-06,3.73126e-06,9.15223e-09,0.000115917,1.45808e-05,1.99443e-06,1.1937e-05,2.06051e-08,0.000467158,8.09429e-06,1.16861e-08,7.57849e-05,3.37402e-06,7.04437e-06,9.31554e-05,3.89823e-08,1.96601e-09,2.59688e-05,4.46104e-05,0.000837783,1.15886e-06,0.000206087,6.23328e-07,0.000134585,8.91841e-06,0.000242513,5.61596e-09,8.868e-09,7.92544e-05,1.77945e-07,7.11284e-09,1.94226e-05,2.93918e-05,0.000436802,0.000116473,0.000199943,5.06086e-05,9.95249e-10,3.60087e-05,3.04941e-07,1.04971e-08,9.89412e-09,9.51232e-09,0.000488791,4.27582e-07,3.96416e-05,1.62502e-05,0.000115857,2.32027e-05,1.79932e-05,3.47224e-06,4.49544e-12,2.96052e-07,3.70426e-08,5.63035e-09,7.45402e-07],
  [1.64717e-06,5.93039e-07,0.00265511,6.1094e-07,0.00227448,4.83837e-07,2.6186e-05,3.59678e-07,1.72092e-07,-0.00831497,1.96176e-07,1.18028e-06,3.18587e-06,5.7152e-09,0.000183425,2.85017e-06,6.52055e-08,0.000593803,2.7386e-07,5.04818e-07,8.94161e-07,6.99287e-07,8.25544e-07,1.03297e-05,5.27369e-06,1.03002e-06,6.94105e-07,2.06081e-05,1.76772e-06,1.68715e-05,2.31896e-06,1.90568e-07,1.14403e-05,1.3152e-06,4.53795e-07,2.99049e-06,2.64519e-09,3.8001e-08,4.38719e-06,4.53483e-08,0.000392707,0.00067461,3.41758e-07,1.02713e-06,1.23403e-06,1.89287e-08,5.49014e-08,2.70827e-07,9.10647e-08,6.32038e-07,9.98033e-07,3.23303e-08,1.57717e-07,1.64066e-07,0.000293714,0.000444471,1.32645e-05,4.75129e-08,1.19724e-06,1.53684e-06,1.40666e-09,1.09348e-06,2.70278e-07,1.18138e-06,1.11352e-06,1.07055e-06,1.48432e-05,3.78978e-07,1.20381e-06,0.000245739,3.51825e-06,0.000350877,5.46405e-07,2.07915e-08,5.05932e-10,4.47698e-06,5.60167e-07,2.29261e-05,1.12722e-05],
  [2.11849e-06,0.00165722,7.43312e-07,0.00170724,6.36752e-07,0.00135206,0.000982987,0.0010051,0.000480904,1.96176e-07,-0.0177358,0.00329825,4.09748e-06,2.14541e-07,1.38269e-05,2.88692e-08,0.000197949,4.4762e-05,1.35343e-08,6.49269e-07,1.15002e-06,0.000133126,0.00230694,8.33132e-06,4.25343e-06,1.0433e-08,0.000132139,1.66213e-05,2.27354e-06,1.36075e-05,2.34887e-08,0.000532534,9.22704e-06,1.33216e-08,8.63906e-05,3.8462e-06,8.03019e-06,0.000106192,4.44376e-08,2.24115e-09,2.9603e-05,5.08534e-05,0.000955026,1.32103e-06,0.000234927,7.10559e-07,0.000153419,1.01665e-05,0.000276452,6.40188e-09,1.0109e-08,9.03456e-05,2.02847e-07,8.10825e-09,2.21407e-05,3.35051e-05,0.00049793,0.000132773,0.000227924,5.7691e-05,1.13453e-09,4.10479e-05,3.47616e-07,1.19661e-08,1.12787e-08,1.08435e-08,0.000557194,4.8742e-07,4.51892e-05,1.85243e-05,0.00013207,2.64497e-05,2.05113e-05,3.95816e-06,5.12456e-12,3.37483e-07,4.22265e-08,6.41829e-09,8.49717e-07],
  [1.27458e-05,0.00997061,4.47211e-06,0.0102716,3.83099e-06,0.00813462,0.0059141,0.00604717,0.00289334,1.18028e-06,0.00329825,-0.0901614,2.46524e-05,1.29078e-06,8.31893e-05,1.7369e-07,0.00119095,0.000269309,8.14288e-08,3.9063e-06,6.91905e-06,0.000800947,0.0138796,5.01251e-05,2.55906e-05,6.27699e-08,0.000795011,0.000100001,1.36787e-05,8.18692e-05,1.41319e-07,0.00320397,5.55141e-05,8.01486e-08,0.000519766,2.31405e-05,4.83133e-05,0.0006389,2.67357e-07,1.34838e-08,0.000178105,0.000305957,0.00574588,7.94794e-06,0.00141343,4.27505e-06,0.000923043,6.11663e-05,0.00166326,3.85167e-08,6.08206e-08,0.000543561,1.22042e-06,4.8783e-08,0.000133209,0.000201582,0.00299578,0.000798821,0.00137129,0.000347096,6.82585e-09,0.000246963,2.09142e-06,7.19938e-08,6.78582e-08,6.52396e-08,0.00335234,2.93255e-06,0.000271879,0.000111451,0.000794596,0.000159134,0.000123405,2.38141e-05,3.08317e-11,2.03045e-06,2.54054e-07,3.86154e-08,5.11229e-06],
  [0.00119723,1.23867e-05,1.20713e-05,1.27606e-05,1.03408e-05,1.01058e-05,4.24291e-05,7.51252e-06,3.59446e-06,3.18587e-06,4.09748e-06,2.46524e-05,-0.0152497,9.26031e-09,3.19412e-06,0.000594011,0.000576381,1.03403e-05,0.00160343,0.000366924,0.000649915,5.25676e-06,1.7243e-05,2.65955e-05,1.35779e-05,0.00021467,5.21781e-06,5.30588e-05,0.00128486,4.34383e-05,0.000483302,3.98036e-06,2.94548e-05,0.000274104,3.41132e-06,0.00217362,2.3382e-05,7.93719e-07,0.000914347,0.000265512,6.8385e-06,1.17475e-05,7.13823e-06,0.000746559,9.27662e-06,3.06702e-08,1.14672e-06,4.38821e-07,0.000804963,0.000131725,0.000208003,6.75278e-07,0.000114636,0.000960596,5.11465e-06,7.7399e-06,2.14924e-05,9.92392e-07,9.00006e-06,2.49014e-06,3.62167e-09,1.77177e-06,0.000196449,0.000246215,0.000232071,0.000223116,2.40504e-05,0.000275458,1.95052e-06,4.27924e-06,5.70061e-06,6.11007e-06,8.85337e-07,1.56297e-07,1.05443e-07,7.79609e-08,9.75461e-09,1.04232e-07,1.96291e-07],
  [4.7878e-09,6.48557e-07,2.16549e-08,6.68134e-07,1.85505e-08,5.29132e-07,9.61545e-09,3.93349e-07,1.88203e-07,5.7152e-09,2.14541e-07,1.29078e-06,9.26031e-09,-8.10071e-06,4.17773e-09,7.19325e-09,4.30328e-08,1.35246e-08,1.08453e-08,1.46735e-09,2.59904e-09,3.33161e-07,9.02828e-07,1.60165e-08,8.17698e-09,2.59957e-09,3.30692e-07,3.19534e-08,5.13821e-09,2.61597e-08,5.8526e-09,2.08408e-07,1.77385e-08,3.31929e-09,2.16201e-07,8.69241e-09,1.74571e-09,4.15585e-08,1.10724e-08,1.79587e-09,8.94437e-09,1.5365e-08,3.73752e-07,2.98553e-09,5.8793e-07,6.9506e-12,6.00411e-08,9.94474e-11,6.00988e-08,1.59514e-09,2.51884e-09,3.5357e-08,4.58435e-10,6.49729e-09,6.68967e-09,1.01233e-08,4.87069e-09,5.19608e-08,5.70402e-07,5.64326e-10,2.18107e-12,4.01526e-10,7.85612e-10,2.98156e-09,2.81029e-09,2.70185e-09,5.45041e-09,1.10157e-09,4.42035e-10,5.59699e-09,1.2919e-09,7.99163e-09,2.00639e-10,9.9057e-09,1.27687e-12,1.01968e-10,1.27585e-11,1.86984e-10,2.56737e-10],
  [1.65143e-06,4.17989e-05,0.000695001,4.30606e-05,0.000595367,3.4102e-05,1.91416e-05,2.5351e-05,1.21295e-05,0.000183425,1.38269e-05,8.31893e-05,3.19412e-06,4.17773e-09,-0.00261705,4.45813e-06,1.02184e-06,0.000122895,7.66008e-06,5.06126e-07,8.96477e-07,7.70383e-06,5.81864e-05,6.65252e-07,3.39635e-07,1.61113e-06,7.64674e-06,1.3272e-06,1.7723e-06,1.08655e-06,3.62725e-06,1.34317e-05,7.36775e-07,2.05719e-06,4.99932e-06,2.99824e-06,4.1453e-08,2.6784e-06,6.8623e-06,1.26843e-06,8.1276e-05,0.00013962,2.40879e-05,1.02979e-06,1.3595e-05,1.38366e-08,3.86959e-06,1.97971e-07,1.42708e-06,9.88613e-07,1.56109e-06,2.27872e-06,1.58126e-07,4.58906e-06,6.0788e-05,9.19892e-05,9.69613e-06,3.34882e-06,1.31897e-05,1.12341e-06,9.05916e-11,7.99321e-07,2.70978e-07,1.84787e-06,1.74173e-06,1.67452e-06,1.08502e-05,3.7996e-07,8.79964e-07,5.0859e-05,2.57179e-06,7.26186e-05,3.99414e-07,2.29054e-07,7.91362e-10,9.26571e-07,1.15934e-07,6.00114e-06,2.33293e-06],
  [0.000307118,8.72715e-08,1.07993e-05,8.99058e-08,9.25114e-06,7.12014e-08,3.29581e-05,5.29301e-08,2.53251e-08,2.85017e-06,2.88692e-08,1.7369e-07,0.000594011,7.19325e-09,4.45813e-06,-0.0110759,0.000805448,1.44323e-05,0.0014622,9.41243e-05,0.000166718,3.11447e-06,1.21487e-07,8.1648e-05,4.16842e-05,0.000251669,3.09139e-06,0.00016289,0.000329595,0.000133355,0.000566601,2.8044e-08,9.04261e-05,0.000321347,2.0211e-06,0.000557583,3.26746e-05,5.59222e-09,0.00107194,0.000242124,9.54471e-06,1.63963e-05,5.0293e-08,0.00019151,5.49611e-06,2.3824e-08,8.07928e-09,3.40868e-07,0.00112487,0.000154428,0.000243853,4.75773e-09,2.94067e-05,0.000875983,7.13868e-06,1.08028e-05,1.66949e-05,6.99198e-09,5.33226e-06,1.9343e-06,1.11185e-08,1.37628e-06,5.03938e-05,0.000288651,0.000272069,0.000261571,1.86819e-05,7.06612e-05,1.51513e-06,5.97266e-06,4.42813e-06,8.52802e-06,6.87714e-07,9.26009e-08,1.23616e-07,1.08813e-07,1.36148e-08,9.3249e-08,2.73969e-07],
  [0.000298002,0.0005984,2.47064e-07,0.000616462,2.11646e-07,0.00048821,0.000197169,0.000362929,0.000173648,6.52055e-08,0.000197949,0.00119095,0.000576381,4.30328e-08,1.02184e-06,0.000805448,-0.0182901,3.30801e-06,0.000440961,9.13307e-05,0.00016177,7.4756e-06,0.000833006,0.0006595,0.000336698,0.000291081,7.42021e-06,0.00131572,0.000319813,0.00107716,0.000655332,0.000192291,0.000730404,0.00037167,4.85122e-06,0.000541034,1.66323e-05,3.83445e-05,0.00123981,7.30186e-05,2.18773e-06,3.75817e-06,0.000344847,0.000185826,1.31922e-05,1.42525e-07,5.53977e-05,2.03921e-06,0.000572593,0.000178612,0.000282041,3.26226e-05,2.85339e-05,0.000264174,1.63624e-06,2.4761e-06,9.98754e-05,4.79423e-05,1.27989e-05,1.15717e-05,8.98082e-08,8.23344e-06,4.88981e-05,0.000333854,0.000314676,0.000302533,0.000111763,6.8564e-05,9.0641e-06,1.36898e-06,2.64908e-05,1.95469e-06,4.11418e-06,2.22268e-07,1.42975e-07,2.49407e-08,3.12063e-09,2.13333e-09,6.27959e-08],
  [5.34619e-06,0.000135316,0.00224993,0.0001394,0.00192738,0.000110399,6.1967e-05,8.20688e-05,3.92668e-05,0.000593803,4.4762e-05,0.000269309,1.03403e-05,1.35246e-08,0.000122895,1.44323e-05,3.30801e-06,-0.00819722,2.4798e-05,1.63848e-06,2.90217e-06,2.49396e-05,0.000188367,2.15362e-06,1.0995e-06,5.2157e-06,2.47548e-05,4.29654e-06,5.73747e-06,3.5175e-06,1.17425e-05,4.34825e-05,2.38516e-06,6.65973e-06,1.61843e-05,9.70619e-06,1.34196e-07,8.67079e-06,2.22153e-05,4.10629e-06,0.000263115,0.000451991,7.79799e-05,3.33373e-06,4.40109e-05,4.47933e-08,1.2527e-05,6.40891e-07,4.6199e-06,3.20044e-06,5.05372e-06,7.37691e-06,5.11901e-07,1.48562e-05,0.000196789,0.000297797,3.13893e-05,1.08412e-05,4.26989e-05,3.63682e-06,2.93272e-10,2.58764e-06,8.77236e-07,5.98213e-06,5.63849e-06,5.42091e-06,3.51253e-05,1.23004e-06,2.84871e-06,0.000164646,8.32565e-06,0.000235088,1.29302e-06,7.41516e-07,2.56188e-09,2.99959e-06,3.75314e-07,1.94275e-05,7.55238e-06],
  [0.000829012,4.09143e-08,1.03766e-06,4.21493e-08,8.889e-07,3.33803e-08,4.96912e-05,2.48145e-08,1.18728e-08,2.7386e-07,1.35343e-08,8.14288e-08,0.00160343,1.08453e-08,7.66008e-06,0.0014622,0.000440961,2.4798e-05,-0.0171614,0.000254073,0.000450027,1.38295e-05,5.6955e-08,8.77883e-05,4.4819e-05,0.000528423,1.3727e-05,0.00017514,0.000889686,0.000143384,0.00118968,1.31475e-08,9.72265e-05,0.000674724,8.97448e-06,0.0015051,1.78885e-05,2.62172e-09,0.00225072,1.63466e-05,1.64e-05,2.81726e-05,2.35782e-08,0.000516948,2.44049e-05,3.59197e-08,3.7877e-09,5.13929e-07,0.000615838,0.000324249,0.000512012,2.2305e-09,7.93785e-05,5.91403e-05,1.22659e-05,1.85617e-05,2.5171e-05,3.27796e-09,2.36773e-05,2.91635e-06,1.19547e-08,2.07503e-06,0.000136029,0.000606073,0.000571258,0.000549214,2.81669e-05,0.000190738,2.28437e-06,1.02624e-05,6.67632e-06,1.46531e-05,1.03687e-06,4.11184e-07,2.59554e-07,1.86964e-07,2.33933e-08,8.95988e-09,4.70741e-07],
  [0.000189708,1.96274e-06,1.91276e-06,2.02199e-06,1.63855e-06,1.60132e-06,6.72312e-06,1.1904e-06,5.69562e-07,5.04818e-07,6.49269e-07,3.9063e-06,0.000366924,1.46735e-09,5.06126e-07,9.41243e-05,9.13307e-05,1.63848e-06,0.000254073,-0.00272518,0.000102983,8.32963e-07,2.73224e-06,4.2142e-06,2.15149e-06,3.40156e-05,8.2679e-07,8.40745e-06,0.000203592,6.88303e-06,7.65819e-05,6.3071e-07,4.66727e-06,4.34333e-05,5.40543e-07,0.000344422,3.70501e-06,1.25769e-07,0.000144883,4.20718e-05,1.0836e-06,1.86145e-06,1.13109e-06,0.000118296,1.46993e-06,4.85985e-09,1.81703e-07,6.95335e-08,0.000127551,2.08725e-05,3.29592e-05,1.07001e-07,1.81647e-05,0.000152212,8.10445e-07,1.22643e-06,3.40558e-06,1.5725e-07,1.42611e-06,3.94577e-07,5.73873e-10,2.80746e-07,3.11285e-05,3.90141e-05,3.6773e-05,3.53539e-05,3.81092e-06,4.36478e-05,3.09071e-07,6.78068e-07,9.03292e-07,9.68175e-07,1.40287e-07,2.4766e-08,1.6708e-08,1.23533e-08,1.54567e-09,1.65162e-08,3.11033e-08],
  [0.000336021,3.47651e-06,3.38799e-06,3.58145e-06,2.90229e-06,2.83635e-06,1.19083e-05,2.1085e-06,1.00884e-06,8.94161e-07,1.15002e-06,6.91905e-06,0.000649915,2.59904e-09,8.96477e-07,0.000166718,0.00016177,2.90217e-06,0.000450027,0.000102983,-0.00474756,1.47539e-06,4.8395e-06,7.46441e-06,3.81084e-06,6.02502e-05,1.46446e-06,1.48917e-05,0.000360614,1.21916e-05,0.000135646,1.11715e-06,8.26692e-06,7.69313e-05,9.57438e-07,0.000610058,6.56252e-06,2.22769e-07,0.000256625,7.45198e-05,1.91933e-06,3.29711e-06,2.00345e-06,0.000209533,2.60362e-06,8.60803e-09,3.21843e-07,1.23161e-07,0.000225925,3.69705e-05,5.83791e-05,1.89527e-07,3.21742e-05,0.000269606,1.4355e-06,2.17232e-06,6.03215e-06,2.7853e-07,2.526e-06,6.98895e-07,1.01648e-09,4.97273e-07,5.51364e-05,6.91038e-05,6.51342e-05,6.26208e-05,6.7501e-06,7.73113e-05,5.47443e-07,1.20103e-06,1.59996e-06,1.71488e-06,2.48483e-07,4.38669e-08,2.95941e-08,2.18809e-08,2.73777e-09,2.92543e-08,5.50919e-08],
  [2.71787e-06,0.00040244,2.64961e-06,0.000414587,2.26976e-06,0.000328334,0.00152648,0.000244079,0.000116783,6.99287e-07,0.000133126,0.000800947,5.25676e-06,3.33161e-07,7.70383e-06,3.11447e-06,7.4756e-06,2.49396e-05,1.38295e-05,8.32963e-07,1.47539e-06,-0.00815502,0.000560218,4.28876e-06,2.18956e-06,1.12554e-06,0.000151254,8.55622e-06,2.91678e-06,7.00483e-06,2.53401e-06,0.000129321,4.74986e-06,1.43716e-06,9.88872e-05,4.93439e-06,3.03263e-07,2.57877e-05,4.79403e-06,2.29001e-06,1.64936e-05,2.83335e-05,0.000231919,1.69478e-06,0.00026891,1.10343e-06,3.72564e-05,1.57876e-05,1.04403e-05,6.90649e-07,1.09058e-06,2.19395e-05,2.60238e-07,8.28505e-06,1.23359e-05,1.86677e-05,0.000773237,3.22425e-05,0.000260893,8.95885e-05,5.84028e-10,6.37434e-05,4.45965e-07,1.29093e-06,1.21678e-06,1.16982e-06,0.000865269,6.25324e-07,7.01745e-05,1.0321e-05,0.000205092,1.47367e-05,3.1852e-05,4.53072e-06,5.52849e-10,1.88032e-07,2.35269e-08,2.28786e-08,4.73429e-07],
  [8.91502e-06,0.00697389,3.12799e-06,0.0071844,2.67957e-06,0.00568972,0.00413659,0.00422966,0.00202373,8.25544e-07,0.00230694,0.0138796,1.7243e-05,9.02828e-07,5.81864e-05,1.21487e-07,0.000833006,0.000188367,5.6955e-08,2.73224e-06,4.8395e-06,0.000560218,-0.0672346,3.50598e-05,1.78992e-05,4.39041e-08,0.000556067,6.99453e-05,9.56749e-06,5.7263e-05,9.88447e-08,0.002241,3.88291e-05,5.60596e-08,0.000363548,1.61855e-05,3.37925e-05,0.000446875,1.87002e-07,9.43116e-09,0.000124575,0.000214,0.00401893,5.55915e-06,0.000988618,2.99017e-06,0.000645618,4.27825e-05,0.00116336,2.69403e-08,4.25407e-08,0.000380191,8.53619e-07,3.4121e-08,9.31721e-05,0.000140995,0.00209538,0.000558731,0.000959145,0.000242775,4.77431e-09,0.000172737,1.46283e-06,5.03557e-08,4.74631e-08,4.56315e-08,0.00234478,2.05115e-06,0.000190165,7.79536e-05,0.000555776,0.000111305,8.63153e-05,1.66567e-05,2.15651e-11,1.42019e-06,1.77697e-07,2.70094e-08,3.57577e-06],
  [1.37505e-05,2.51856e-05,3.91394e-05,2.59458e-05,3.35285e-05,2.05479e-05,7.33847e-05,1.5275e-05,7.30853e-06,1.03297e-05,8.33132e-06,5.01251e-05,2.65955e-05,1.60165e-08,6.65252e-07,8.1648e-05,0.0006595,2.15362e-06,8.77883e-05,4.2142e-06,7.46441e-06,4.28876e-06,3.50598e-05,-0.0221154,0.00187301,2.95068e-05,4.25698e-06,0.00731921,1.47568e-05,0.00599211,6.64308e-05,8.09318e-06,0.00406315,3.76761e-05,2.78315e-06,2.49645e-05,2.67539e-05,1.61385e-06,0.000125679,1.45368e-05,1.42428e-06,2.4467e-06,1.4514e-05,8.57439e-06,7.56839e-06,5.30466e-08,2.33159e-06,7.58977e-07,0.000921045,1.81058e-05,2.85904e-05,1.37303e-06,1.31662e-06,5.25928e-05,1.06525e-06,1.61202e-06,3.71729e-05,2.01781e-06,7.34275e-06,4.30691e-06,4.99592e-07,3.06442e-06,2.25626e-06,3.38427e-05,3.18986e-05,3.06677e-05,4.15972e-05,3.16369e-06,3.37359e-06,8.91254e-07,9.85968e-06,1.27257e-06,1.53127e-06,1.27516e-07,1.44933e-08,1.62372e-08,2.03163e-09,3.37958e-07,4.08822e-08],
  [7.0201e-06,1.28581e-05,1.9982e-05,1.32463e-05,1.71175e-05,1.04904e-05,3.74654e-05,7.79845e-06,3.73126e-06,5.27369e-06,4.25343e-06,2.55906e-05,1.35779e-05,8.17698e-09,3.39635e-07,4.16842e-05,0.000336698,1.0995e-06,4.4819e-05,2.15149e-06,3.81084e-06,2.18956e-06,1.78992e-05,0.00187301,-0.0122075,1.50642e-05,2.17334e-06,0.00373671,7.53388e-06,0.00305918,3.39152e-05,4.13185e-06,0.00207438,1.9235e-05,1.4209e-06,1.27452e-05,1.36588e-05,8.23928e-07,6.41634e-05,7.42156e-06,7.27146e-07,1.24912e-06,7.40991e-06,4.37753e-06,3.86393e-06,2.70822e-08,1.19036e-06,3.87485e-07,0.000470226,9.24367e-06,1.45964e-05,7.00978e-07,6.72179e-07,2.68505e-05,5.43847e-07,8.22993e-07,1.89781e-05,1.03016e-06,3.74873e-06,2.19883e-06,2.55059e-07,1.5645e-06,1.1519e-06,1.72779e-05,1.62854e-05,1.56569e-05,2.12368e-05,1.61517e-06,1.72234e-06,4.55016e-07,5.03371e-06,6.49692e-07,7.81765e-07,6.51011e-08,7.39934e-09,8.28968e-09,1.03722e-09,1.72539e-07,2.08718e-08],
  [0.000110989,3.15391e-08,3.90276e-06,3.24911e-08,3.34327e-06,2.57315e-08,1.19107e-05,1.91284e-08,9.15223e-09,1.03002e-06,1.0433e-08,6.27699e-08,0.00021467,2.59957e-09,1.61113e-06,0.000251669,0.000291081,5.2157e-06,0.000528423,3.40156e-05,6.02502e-05,1.12554e-06,4.39041e-08,2.95068e-05,1.50642e-05,-0.00416344,1.1172e-06,5.88669e-05,0.000119112,4.81933e-05,0.000204764,1.01348e-08,3.26791e-05,0.000116131,7.30407e-07,0.000201505,1.18083e-05,2.02097e-09,0.000387388,8.75014e-05,3.44936e-06,5.92547e-06,1.81754e-08,6.92097e-05,1.98624e-06,8.60977e-09,2.91977e-09,1.23186e-07,0.000406518,5.58088e-05,8.8126e-05,1.71939e-09,1.06273e-05,0.000316572,2.57985e-06,3.90403e-06,6.03336e-06,2.52683e-09,1.92702e-06,6.99036e-07,4.01812e-09,4.97373e-07,1.82118e-05,0.000104315,9.83232e-05,9.4529e-05,6.75146e-06,2.55363e-05,5.47553e-07,2.15846e-06,1.60028e-06,3.08194e-06,2.48533e-07,3.3465e-08,4.46736e-08,3.93238e-08,4.92026e-09,3.36993e-08,9.90097e-08],
  [2.69773e-06,0.000399457,2.62997e-06,0.000411515,2.25294e-06,0.000325901,0.00151517,0.000242271,0.000115917,6.94105e-07,0.000132139,0.000795011,5.21781e-06,3.30692e-07,7.64674e-06,3.09139e-06,7.42021e-06,2.47548e-05,1.3727e-05,8.2679e-07,1.46446e-06,0.000151254,0.000556067,4.25698e-06,2.17334e-06,1.1172e-06,-0.0080957,8.49281e-06,2.89517e-06,6.95292e-06,2.51523e-06,0.000128362,4.71466e-06,1.42651e-06,9.81544e-05,4.89782e-06,3.01015e-07,2.55966e-05,4.7585e-06,2.27304e-06,1.63714e-05,2.81235e-05,0.0002302,1.68222e-06,0.000266917,1.09525e-06,3.69803e-05,1.56706e-05,1.03629e-05,6.85531e-07,1.0825e-06,2.1777e-05,2.58309e-07,8.22365e-06,1.22445e-05,1.85293e-05,0.000767507,3.20035e-05,0.00025896,8.89246e-05,5.797e-10,6.32711e-05,4.4266e-07,1.28137e-06,1.20776e-06,1.16115e-06,0.000858857,6.2069e-07,6.96544e-05,1.02445e-05,0.000203572,1.46275e-05,3.1616e-05,4.49714e-06,5.48752e-10,1.86639e-07,2.33526e-08,2.27091e-08,4.6992e-07],
  [2.74326e-05,5.02461e-05,7.80844e-05,5.17627e-05,6.68904e-05,4.09938e-05,0.000146405,3.04742e-05,1.45808e-05,2.06081e-05,1.66213e-05,0.000100001,5.30588e-05,3.19534e-08,1.3272e-06,0.00016289,0.00131572,4.29654e-06,0.00017514,8.40745e-06,1.48917e-05,8.55622e-06,6.99453e-05,0.00731921,0.00373671,5.88669e-05,8.49281e-06,-0.0368381,2.94403e-05,0.0119544,0.000132532,1.61461e-05,0.00810611,7.5165e-05,5.55247e-06,4.98049e-05,5.33749e-05,3.21968e-06,0.000250733,2.90014e-05,2.84149e-06,4.88123e-06,2.89559e-05,1.71062e-05,1.50992e-05,1.0583e-07,4.6516e-06,1.51418e-06,0.00183751,3.61217e-05,5.70388e-05,2.73923e-06,2.62669e-06,0.000104924,2.12521e-06,3.21603e-06,7.4161e-05,4.02559e-06,1.4649e-05,8.59242e-06,9.96702e-07,6.11362e-06,4.50131e-06,6.75172e-05,6.36388e-05,6.1183e-05,8.29878e-05,6.31166e-06,6.73042e-06,1.77808e-06,1.96704e-05,2.53882e-06,3.05492e-06,2.54397e-07,2.89146e-08,3.23938e-08,4.05317e-09,6.74237e-07,8.15613e-08],
  [0.0006643,6.87292e-06,6.69791e-06,7.08038e-06,5.73771e-06,5.60734e-06,2.35423e-05,4.16842e-06,1.99443e-06,1.76772e-06,2.27354e-06,1.36787e-05,0.00128486,5.13821e-09,1.7723e-06,0.000329595,0.000319813,5.73747e-06,0.000889686,0.000203592,0.000360614,2.91678e-06,9.56749e-06,1.47568e-05,7.53388e-06,0.000119112,2.89517e-06,2.94403e-05,-0.00903344,2.41023e-05,0.000268166,2.20855e-06,1.63434e-05,0.00015209,1.89282e-06,0.00120606,1.29738e-05,4.40405e-07,0.000507337,0.000147323,3.79443e-06,6.51824e-06,3.96074e-06,0.000414238,5.14725e-06,1.70177e-08,6.3627e-07,2.43485e-07,0.000446644,7.30893e-05,0.000115413,3.74687e-07,6.36072e-05,0.000532999,2.83793e-06,4.29458e-06,1.19253e-05,5.50642e-07,4.9938e-06,1.38169e-06,2.00953e-09,9.83089e-07,0.000109003,0.000136615,0.000128768,0.000123799,1.33447e-05,0.000152841,1.08227e-06,2.37439e-06,3.16306e-06,3.39025e-06,4.91241e-07,8.67232e-08,5.85063e-08,4.32576e-08,5.41247e-09,5.78346e-08,1.08914e-07],
  [2.24586e-05,4.11356e-05,6.39263e-05,4.23772e-05,5.4762e-05,3.35609e-05,0.000119859,2.49487e-05,1.1937e-05,1.68715e-05,1.36075e-05,8.18692e-05,4.34383e-05,2.61597e-08,1.08655e-06,0.000133355,0.00107716,3.5175e-06,0.000143384,6.88303e-06,1.21916e-05,7.00483e-06,5.7263e-05,0.00599211,0.00305918,4.81933e-05,6.95292e-06,0.0119544,2.41023e-05,-0.0323263,0.000108501,1.32186e-05,0.00663633,6.15363e-05,4.54571e-06,4.07744e-05,4.36971e-05,2.6359e-06,0.000205271,2.3743e-05,2.32628e-06,3.99618e-06,2.37057e-05,1.40045e-05,1.23614e-05,8.66409e-08,3.80818e-06,1.23964e-06,0.00150434,2.95722e-05,4.66966e-05,2.24256e-06,2.15043e-06,8.58997e-05,1.73987e-06,2.63291e-06,6.07143e-05,3.29568e-06,1.19929e-05,7.03446e-06,8.15983e-07,5.00511e-06,3.68515e-06,5.52752e-05,5.20999e-05,5.00895e-05,6.79406e-05,5.16724e-06,5.51008e-06,1.45568e-06,1.61038e-05,2.07848e-06,2.50101e-06,2.08271e-07,2.36719e-08,2.65202e-08,3.31826e-09,5.51986e-07,6.67728e-08],
  [0.000249878,7.10063e-08,8.78658e-06,7.31496e-08,7.52695e-06,5.79312e-08,2.68155e-05,4.30652e-08,2.06051e-08,2.31896e-06,2.34887e-08,1.41319e-07,0.000483302,5.8526e-09,3.62725e-06,0.000566601,0.000655332,1.17425e-05,0.00118968,7.65819e-05,0.000135646,2.53401e-06,9.88447e-08,6.64308e-05,3.39152e-05,0.000204764,2.51523e-06,0.000132532,0.000268166,0.000108501,-0.00911722,2.28173e-08,7.35729e-05,0.000261455,1.64442e-06,0.000453663,2.65848e-05,4.54996e-09,0.000872155,0.000196998,7.76581e-06,1.33405e-05,4.09196e-08,0.000155817,4.47177e-06,1.93838e-08,6.5735e-09,2.77338e-07,0.000915224,0.000125647,0.000198405,3.871e-09,2.3926e-05,0.000712721,5.80821e-06,8.78944e-06,1.35834e-05,5.68885e-09,4.33845e-06,1.57379e-06,9.0463e-09,1.11977e-06,4.10016e-05,0.000234853,0.000221362,0.00021282,1.52001e-05,5.74917e-05,1.23275e-06,4.85951e-06,3.60283e-06,6.93861e-06,5.59541e-07,7.53423e-08,1.00577e-07,8.85325e-08,1.10773e-08,7.58697e-08,2.22908e-07],
  [2.05794e-06,0.00160985,7.22065e-07,0.00165844,6.18551e-07,0.00131341,0.000954889,0.000976373,0.000467158,1.90568e-07,0.000532534,0.00320397,3.98036e-06,2.08408e-07,1.34317e-05,2.8044e-08,0.000192291,4.34825e-05,1.31475e-08,6.3071e-07,1.11715e-06,0.000129321,0.002241,8.09318e-06,4.13185e-06,1.01348e-08,0.000128362,1.61461e-05,2.20855e-06,1.32186e-05,2.28173e-08,-0.0172441,8.96329e-06,1.29408e-08,8.39212e-05,3.73626e-06,7.80066e-06,0.000103157,4.31674e-08,2.17708e-09,2.87568e-05,4.93998e-05,0.000927728,1.28327e-06,0.000228212,6.90248e-07,0.000149034,9.87589e-06,0.000268549,6.21889e-09,9.82007e-09,8.77632e-05,1.97049e-07,7.87648e-09,2.15078e-05,3.25473e-05,0.000483697,0.000128977,0.000221409,5.6042e-05,1.1021e-09,3.98746e-05,3.37679e-07,1.16241e-08,1.09564e-08,1.05336e-08,0.000541267,4.73488e-07,4.38975e-05,1.79948e-05,0.000128295,2.56937e-05,1.9925e-05,3.84502e-06,4.97808e-12,3.27836e-07,4.10194e-08,6.23483e-09,8.25429e-07],
  [1.52288e-05,2.78933e-05,4.33474e-05,2.87353e-05,3.71332e-05,2.27571e-05,8.12744e-05,1.69173e-05,8.09429e-06,1.14403e-05,9.22704e-06,5.55141e-05,2.94548e-05,1.77385e-08,7.36775e-07,9.04261e-05,0.000730404,2.38516e-06,9.72265e-05,4.66727e-06,8.26692e-06,4.74986e-06,3.88291e-05,0.00406315,0.00207438,3.26791e-05,4.71466e-06,0.00810611,1.63434e-05,0.00663633,7.35729e-05,8.96329e-06,-0.0240563,4.17267e-05,3.08237e-06,2.76484e-05,2.96303e-05,1.78736e-06,0.000139191,1.60997e-05,1.57741e-06,2.70974e-06,1.60744e-05,9.49624e-06,8.38208e-06,5.87498e-08,2.58226e-06,8.40576e-07,0.00102007,2.00524e-05,3.16642e-05,1.52064e-06,1.45817e-06,5.82472e-05,1.17978e-06,1.78533e-06,4.11694e-05,2.23475e-06,8.13218e-06,4.76995e-06,5.53304e-07,3.39389e-06,2.49884e-06,3.74812e-05,3.53281e-05,3.39648e-05,4.60694e-05,3.50382e-06,3.73629e-06,9.87074e-07,1.09197e-05,1.40939e-06,1.69589e-06,1.41225e-07,1.60515e-08,1.79829e-08,2.25005e-09,3.74292e-07,4.52775e-08],
  [0.000141718,4.02711e-08,4.98329e-06,4.14867e-08,4.2689e-06,3.28556e-08,1.52084e-05,2.44244e-08,1.16861e-08,1.3152e-06,1.33216e-08,8.01486e-08,0.000274104,3.31929e-09,2.05719e-06,0.000321347,0.00037167,6.65973e-06,0.000674724,4.34333e-05,7.69313e-05,1.43716e-06,5.60596e-08,3.76761e-05,1.9235e-05,0.000116131,1.42651e-06,7.5165e-05,0.00015209,6.15363e-05,0.000261455,1.29408e-08,4.17267e-05,-0.00528399,9.32629e-07,0.000257294,1.50776e-05,2.5805e-09,0.000494641,0.000111727,4.40437e-06,7.56602e-06,2.32075e-08,8.83713e-05,2.53616e-06,1.09935e-08,3.72815e-09,1.57292e-07,0.000519068,7.12602e-05,0.000112525,2.19543e-09,1.35696e-05,0.000404219,3.29411e-06,4.98492e-06,7.70378e-06,3.22642e-09,2.46055e-06,8.92573e-07,5.13059e-09,6.35078e-07,2.3254e-05,0.000133197,0.000125545,0.000120701,8.62069e-06,3.26063e-05,6.9915e-07,2.75606e-06,2.04334e-06,3.93522e-06,3.17343e-07,4.27303e-08,5.70421e-08,5.02111e-08,6.2825e-09,4.30294e-08,1.26422e-07],
  [1.76373e-06,0.000261159,1.71943e-06,0.000269042,1.47294e-06,0.000213069,0.000990595,0.000158393,7.57849e-05,4.53795e-07,8.63906e-05,0.000519766,3.41132e-06,2.16201e-07,4.99932e-06,2.0211e-06,4.85122e-06,1.61843e-05,8.97448e-06,5.40543e-07,9.57438e-07,9.88872e-05,0.000363548,2.78315e-06,1.4209e-06,7.30407e-07,9.81544e-05,5.55247e-06,1.89282e-06,4.54571e-06,1.64442e-06,8.39212e-05,3.08237e-06,9.32629e-07,-0.00532683,3.20212e-06,1.96799e-07,1.67346e-05,3.11103e-06,1.48608e-06,1.07034e-05,1.83867e-05,0.000150501,1.09981e-06,0.000174506,7.16059e-07,2.41772e-05,1.02452e-05,6.77511e-06,4.4819e-07,7.07723e-07,1.42374e-05,1.68879e-07,5.3765e-06,8.00526e-06,1.21142e-05,0.000501784,2.09234e-05,0.000169304,5.81375e-05,3.78999e-10,4.13656e-05,2.89404e-07,8.37737e-07,7.89614e-07,7.59144e-07,0.000561507,4.05797e-07,4.5539e-05,6.6977e-06,0.000133093,9.56326e-06,2.067e-05,2.94016e-06,3.58765e-10,1.22022e-07,1.52675e-08,1.48468e-08,3.07227e-07],
  [0.00112381,1.16271e-05,1.1331e-05,1.1978e-05,9.70661e-06,9.48606e-06,3.9827e-05,7.05181e-06,3.37402e-06,2.99049e-06,3.8462e-06,2.31405e-05,0.00217362,8.69241e-09,2.99824e-06,0.000557583,0.000541034,9.70619e-06,0.0015051,0.000344422,0.000610058,4.93439e-06,1.61855e-05,2.49645e-05,1.27452e-05,0.000201505,4.89782e-06,4.98049e-05,0.00120606,4.07744e-05,0.000453663,3.73626e-06,2.76484e-05,0.000257294,3.20212e-06,-0.0144478,2.19481e-05,7.45043e-07,0.000858274,0.000249229,6.41912e-06,1.10271e-05,6.70047e-06,0.000700776,8.70772e-06,2.87893e-08,1.07639e-06,4.11909e-07,0.000755597,0.000123647,0.000195247,6.33865e-07,0.000107606,0.000901686,4.80099e-06,7.26524e-06,2.01743e-05,9.31532e-07,8.44812e-06,2.33743e-06,3.39957e-09,1.66311e-06,0.000184402,0.000231115,0.000217839,0.000209433,2.25755e-05,0.000258565,1.8309e-06,4.01681e-06,5.35101e-06,5.73537e-06,8.31043e-07,1.46711e-07,9.89763e-08,7.31799e-08,9.15639e-09,9.78401e-08,1.84253e-07],
  [1.20891e-05,2.42753e-05,1.00227e-08,2.5008e-05,8.58582e-09,1.98052e-05,7.99853e-06,1.47229e-05,7.04437e-06,2.64519e-09,8.03019e-06,4.83133e-05,2.3382e-05,1.74571e-09,4.1453e-08,3.26746e-05,1.66323e-05,1.34196e-07,1.78885e-05,3.70501e-06,6.56252e-06,3.03263e-07,3.37925e-05,2.67539e-05,1.36588e-05,1.18083e-05,3.01015e-07,5.33749e-05,1.29738e-05,4.36971e-05,2.65848e-05,7.80066e-06,2.96303e-05,1.50776e-05,1.96799e-07,2.19481e-05,-0.000757932,1.55552e-06,5.02952e-05,2.96215e-06,8.87495e-08,1.52458e-07,1.39894e-05,7.53839e-06,5.35168e-07,5.7818e-09,2.24732e-06,8.27245e-08,2.32284e-05,7.24575e-06,1.14416e-05,1.3234e-06,1.15754e-06,1.07168e-05,6.63775e-08,1.00448e-07,4.05164e-06,1.94488e-06,5.19213e-07,4.6943e-07,3.64325e-09,3.34006e-07,1.98365e-06,1.35435e-05,1.27655e-05,1.22729e-05,4.53387e-06,2.78143e-06,3.67703e-07,5.55356e-08,1.07465e-06,7.9296e-08,1.669e-07,9.01675e-09,5.80006e-09,1.01177e-09,1.26594e-10,8.65428e-11,2.54744e-09],
  [4.10371e-07,0.000321018,1.43986e-07,0.000330708,1.23345e-07,0.000261906,0.000190413,0.000194697,9.31554e-05,3.8001e-08,0.000106192,0.0006389,7.93719e-07,4.15585e-08,2.6784e-06,5.59222e-09,3.83445e-05,8.67079e-06,2.62172e-09,1.25769e-07,2.22769e-07,2.57877e-05,0.000446875,1.61385e-06,8.23928e-07,2.02097e-09,2.55966e-05,3.21968e-06,4.40405e-07,2.6359e-06,4.54996e-09,0.000103157,1.78736e-06,2.5805e-09,1.67346e-05,7.45043e-07,1.55552e-06,-0.00352121,8.60796e-09,4.3413e-10,5.73437e-06,9.85075e-06,0.000184997,2.55896e-07,4.55075e-05,1.37642e-07,2.97187e-05,1.96934e-06,5.35511e-05,1.2401e-09,1.95821e-09,1.75008e-05,3.92933e-08,1.57064e-09,4.28885e-06,6.49023e-06,9.64535e-05,2.57192e-05,4.41508e-05,1.11753e-05,2.19768e-10,7.95135e-06,6.73363e-08,2.31795e-09,2.18479e-09,2.10049e-09,0.000107934,9.44176e-08,8.75356e-06,3.58832e-06,2.55832e-05,5.12355e-06,3.97322e-06,7.66731e-07,9.92672e-13,6.53735e-08,8.17964e-09,1.24328e-09,1.64598e-07],
  [0.000472739,1.34335e-07,1.66231e-05,1.3839e-07,1.42401e-05,1.09599e-07,5.07317e-05,8.14741e-08,3.89823e-08,4.38719e-06,4.44376e-08,2.67357e-07,0.000914347,1.10724e-08,6.8623e-06,0.00107194,0.00123981,2.22153e-05,0.00225072,0.000144883,0.000256625,4.79403e-06,1.87002e-07,0.000125679,6.41634e-05,0.000387388,4.7585e-06,0.000250733,0.000507337,0.000205271,0.000872155,4.31674e-08,0.000139191,0.000494641,3.11103e-06,0.000858274,5.02952e-05,8.60796e-09,-0.0164708,0.000372696,1.46919e-05,2.52385e-05,7.74148e-08,0.000294786,8.46003e-06,3.66717e-08,1.24362e-08,5.2469e-07,0.00173149,0.000237707,0.000375357,7.32345e-09,4.5265e-05,0.00134838,1.09884e-05,1.66285e-05,2.5698e-05,1.07626e-08,8.20781e-06,2.97742e-06,1.71145e-08,2.11847e-06,7.75699e-05,0.000444313,0.00041879,0.000402629,2.87566e-05,0.000108767,2.3322e-06,9.19358e-06,6.81611e-06,1.3127e-05,1.05858e-06,1.42538e-07,1.90279e-07,1.67492e-07,2.09569e-08,1.43536e-07,4.21714e-07],
  [0.000137276,6.77498e-09,1.71825e-07,6.97949e-09,1.47193e-07,5.52744e-09,8.22835e-06,4.10902e-09,1.96601e-09,4.53483e-08,2.24115e-09,1.34838e-08,0.000265512,1.79587e-09,1.26843e-06,0.000242124,7.30186e-05,4.10629e-06,1.63466e-05,4.20718e-05,7.45198e-05,2.29001e-06,9.43116e-09,1.45368e-05,7.42156e-06,8.75014e-05,2.27304e-06,2.90014e-05,0.000147323,2.3743e-05,0.000196998,2.17708e-09,1.60997e-05,0.000111727,1.48608e-06,0.000249229,2.96215e-06,4.3413e-10,0.000372696,-0.00285539,2.71566e-06,4.66509e-06,3.9043e-09,8.56012e-05,4.04119e-06,5.94792e-09,6.27203e-10,8.51013e-08,0.000101976,5.36923e-05,8.47839e-05,3.69347e-10,1.31442e-05,9.79302e-06,2.0311e-06,3.07362e-06,4.16806e-06,5.42795e-10,3.92071e-06,4.82918e-07,1.97957e-09,3.43603e-07,2.25251e-05,0.000100359,9.45944e-05,9.09441e-05,4.66414e-06,3.15842e-05,3.78268e-07,1.69934e-06,1.10553e-06,2.4264e-06,1.71695e-07,6.80877e-08,4.29794e-08,3.09594e-08,3.87369e-09,1.48366e-09,7.79497e-08],
