// This file is auto-generated by TongueTwisterReader. Do not edit

AlignmentCutoff = 0.95;

StatClass[][] TransitionStats = [
  [new(0.00584247,0.010004,0.020775),new(1e-06,8.46157e-05,0.000748166),new(1e-06,8.41479e-05,0.0010076),new(1e-06,3.18112e-05,0.000265457),new(1e-06,0.000335031,0.00229585),new(0.00411986,0.008004,0.0220859),new(0.00177959,0.00618942,0.0123396),new(0.022876,0.0423451,0.0685579),new(1e-06,0.00087128,0.0039056),new(1e-06,0.000573198,0.00178362)],
  [null,new(0.0271731,0.0353615,0.0475985),new(1e-06,9.31128e-06,9.95792e-05),new(0.0102826,0.0987587,0.188954),new(0.0015482,0.00565539,0.0113788),new(1e-06,0.000123467,0.000870224),new(0.00122308,0.00928514,0.0167574),new(1e-06,0.0012858,0.00545253),new(0.0676854,0.10504,0.150416),new(1e-06,0.000244544,0.000877961)],
  [null,null,new(0.0108384,0.0210273,0.0343496),new(1e-06,0.00229093,0.00812348),new(0.0273034,0.0469304,0.0709421),new(1e-06,1.02708e-06,1.11436e-06),new(1e-06,3.19476e-05,0.000203818),new(0.000301933,0.00253631,0.01057),new(0.000249701,0.00178033,0.00947069),new(1e-06,6.64188e-05,0.000728586)],
  [null,null,null,new(0.00122794,0.0222469,0.0647035),new(0.00115597,0.0157424,0.0545763),new(1e-06,0.00675661,0.029142),new(0.00139448,0.0307608,0.0786183),new(0.00121766,0.0175065,0.0767366),new(0.00103624,0.0357317,0.166212),new(0.000311445,0.00743539,0.0300335)],
  [null,null,null,null,new(0.0348229,0.0852858,0.142024),new(0.000287345,0.00130164,0.00412485),new(1e-06,0.00187352,0.00675341),new(0.000176427,0.00550247,0.0177012),new(0.000787044,0.00939724,0.0324286),new(1e-06,0.000761722,0.00453138)],
  [null,null,null,null,null,new(0.00920071,0.0274792,0.0472817),new(0.016751,0.0317358,0.0534626),new(0.0756831,0.122941,0.176717),new(0.000364986,0.00420521,0.014527),new(0.000706981,0.00219766,0.0044077)],
  [null,null,null,null,null,null,new(0.00113601,0.0113335,0.0429998),new(0.00457889,0.023844,0.0538928),new(0.0015697,0.0190218,0.0661876),new(0.00947515,0.0167687,0.0287058)],
  [null,null,null,null,null,null,null,new(1e-06,0.0103059,0.0513042),new(0.000605061,0.00738299,0.0270627),new(0.00089705,0.00538158,0.0134049)],
  [null,null,null,null,null,null,null,null,new(1e-06,1.15716e-06,1.12419e-06),new(0.000555653,0.003132,0.00998092)],
  [null,null,null,null,null,null,null,null,null,new(0.0542394,0.075016,0.103539)]
];

AverageRates = [
  [-0.00884635,8.61127e-06,1.58451e-05,9.09117e-06,1.20952e-05,7.15342e-06,1.7292e-07,5.0673e-06,2.41157e-06,4.05892e-06,3.21376e-06,1.74884e-05,0.0012519,7.48445e-09,1.91206e-06,0.000318808,0.000272923,6.06476e-06,0.000760728,0.000199755,0.000389624,7.49896e-06,1.14514e-05,3.30696e-05,1.58181e-05,0.000127126,6.75372e-06,6.67392e-05,0.000711967,5.41372e-05,0.000248631,2.69968e-06,3.49342e-05,0.000172009,5.14506e-06,0.00117864,1.65391e-05,6.33856e-07,0.000480198,0.000153365,3.79615e-06,6.34833e-06,4.68762e-06,0.000394311,1.29977e-05,1.21522e-09,8.8632e-07,3.30895e-08,0.000402974,7.59992e-05,0.000107825,4.38318e-07,5.45175e-05,0.000490694,2.51191e-06,4.22277e-06,9.72956e-08,7.43507e-07,1.28856e-05,3.99447e-08,2.36352e-08,3.66914e-08,9.69692e-05,0.000151463,0.000110192,0.00013364,1.14037e-07,0.000155857,2.65111e-08,2.58094e-06,2.93363e-08,2.6052e-06,1.62409e-08,1.27814e-08,2.0037e-06,5.46964e-08,2.23669e-07,1.94818e-07,1.20561e-08],
  [8.61127e-06,-0.0548098,2.6278e-06,0.00569419,2.00591e-06,0.0044805,0.000804585,0.00317387,0.00151047,6.73146e-07,0.00201292,0.0109537,1.58701e-05,3.48247e-05,4.8374e-05,7.37067e-06,0.000613636,0.000153435,3.46204e-05,2.53226e-06,4.93918e-06,0.00135497,0.00717251,2.11453e-05,1.01144e-05,2.93909e-06,0.00122031,4.26743e-05,9.02546e-06,3.46164e-05,5.74821e-06,0.00169093,2.23376e-05,3.97676e-06,0.00092965,1.49413e-05,3.71864e-05,0.000397011,1.11019e-05,6.97957e-06,9.60403e-05,0.000160609,0.00293606,4.9986e-06,0.00234852,5.65433e-06,0.000555141,0.000153963,0.000906042,1.75706e-06,2.49285e-06,0.000274538,6.91108e-07,2.23312e-05,6.35499e-05,0.000106834,0.000452711,0.00046569,0.00232827,0.00018586,1.51128e-08,0.000170723,1.22926e-06,3.50174e-06,2.54757e-06,3.08969e-06,0.000530609,1.97577e-06,0.000123355,6.52963e-05,0.0001365,6.591e-05,7.55679e-05,2.30945e-06,4.63244e-08,1.38379e-06,5.65869e-06,3.23094e-08,3.05012e-07],
  [1.58451e-05,2.6278e-06,-0.0239351,2.77425e-06,0.00838149,2.18293e-06,3.45337e-05,1.54633e-06,7.35911e-07,0.00281267,9.80708e-07,5.33673e-06,2.92016e-05,1.49472e-06,0.000742744,1.13448e-07,3.90658e-06,0.00235587,0.000126356,4.65946e-06,9.0883e-06,4.24925e-05,3.4945e-06,1.06263e-05,5.08284e-06,4.52378e-08,3.82696e-05,2.14454e-05,1.66072e-05,1.7396e-05,8.84751e-08,8.23831e-07,1.12255e-05,6.12094e-08,2.91543e-05,2.74927e-05,2.36739e-07,1.93427e-07,1.70878e-07,2.54738e-05,0.00147462,0.00246602,1.43047e-06,9.19763e-06,7.36508e-05,2.4269e-07,2.70469e-07,6.60828e-06,5.76811e-06,2.70443e-08,3.83694e-08,1.33757e-07,1.27167e-06,8.15036e-05,0.000975757,0.00164034,1.94308e-05,2.26888e-07,7.30157e-05,7.97733e-06,7.59474e-09,7.32763e-06,2.26189e-06,5.38979e-08,3.92117e-08,4.75558e-08,2.27743e-05,3.63549e-06,5.29453e-06,0.00100257,5.85874e-06,0.00101199,3.24346e-06,7.24254e-08,7.13015e-10,2.12469e-05,8.68846e-05,0.000135001,4.68321e-06],
  [9.09117e-06,0.00569419,2.77425e-06,-0.057547,2.1177e-06,0.0047302,0.000849424,0.00335075,0.00159465,7.10661e-07,0.0021251,0.0115642,1.67545e-05,3.67655e-05,5.10699e-05,7.78144e-06,0.000647834,0.000161986,3.65498e-05,2.67338e-06,5.21445e-06,0.00143048,0.00757224,2.23237e-05,1.0678e-05,3.10288e-06,0.00128832,4.50525e-05,9.52845e-06,3.65455e-05,6.06855e-06,0.00178516,2.35825e-05,4.19838e-06,0.00098146,1.5774e-05,3.92588e-05,0.000419137,1.17206e-05,7.36855e-06,0.000101393,0.00016956,0.00309969,5.27718e-06,0.00247941,5.96944e-06,0.000586079,0.000162544,0.000956536,1.85498e-06,2.63178e-06,0.000289838,7.29623e-07,2.35758e-05,6.70915e-05,0.000112787,0.00047794,0.000491643,0.00245803,0.000196218,1.5955e-08,0.000180238,1.29777e-06,3.69689e-06,2.68955e-06,3.26188e-06,0.00056018,2.08587e-06,0.000130229,6.89353e-05,0.000144107,6.95832e-05,7.97793e-05,2.43816e-06,4.8906e-08,1.4609e-06,5.97405e-06,3.411e-08,3.2201e-07],
  [1.20952e-05,2.00591e-06,0.00838149,2.1177e-06,-0.0202542,1.66632e-06,2.6361e-05,1.18038e-06,5.61752e-07,0.00214703,7.48616e-07,4.07375e-06,2.22908e-05,1.14098e-06,0.000566968,8.65994e-08,2.98205e-06,0.00179833,9.64529e-05,3.55676e-06,6.93748e-06,3.24363e-05,2.6675e-06,8.11151e-06,3.87995e-06,3.45319e-08,2.92128e-05,1.63702e-05,1.2677e-05,1.32791e-05,6.75367e-08,6.28865e-07,8.56888e-06,4.67237e-08,2.22547e-05,2.09863e-05,1.80712e-07,1.47651e-07,1.30438e-07,1.94452e-05,0.00112564,0.00188242,1.09194e-06,7.02094e-06,5.62207e-05,1.85255e-07,2.0646e-07,5.04437e-06,4.40304e-06,2.0644e-08,2.9289e-08,1.02102e-07,9.70716e-07,6.22151e-05,0.000744836,0.00125214,1.48324e-05,1.73193e-07,5.57359e-05,6.08943e-06,5.79739e-09,5.59348e-06,1.72659e-06,4.11426e-08,2.99319e-08,3.63013e-08,1.73846e-05,2.77512e-06,4.04153e-06,0.000765305,4.47222e-06,0.000772498,2.47587e-06,5.52854e-08,5.44274e-10,1.62187e-05,6.63226e-05,0.000103052,3.57489e-06],
  [7.15342e-06,0.0044805,2.18293e-06,0.0047302,1.66632e-06,-0.0462893,0.000668372,0.00263655,0.00125475,5.59186e-07,0.00167214,0.00909931,1.31834e-05,2.89291e-05,4.01846e-05,6.12285e-06,0.000509751,0.000127459,2.87593e-05,2.10356e-06,4.103e-06,0.00112558,0.00595824,1.75655e-05,8.40205e-06,2.44151e-06,0.00101372,3.54498e-05,7.4975e-06,2.8756e-05,4.77506e-06,0.00140466,1.8556e-05,3.30351e-06,0.000772265,1.24119e-05,3.08909e-05,0.000329799,9.22241e-06,5.79797e-06,7.97812e-05,0.000133419,0.002439,4.15237e-06,0.00195093,4.69708e-06,0.000461158,0.000127898,0.000752653,1.4596e-06,2.07083e-06,0.00022806,5.74107e-07,1.85507e-05,5.27912e-05,8.87472e-05,0.000376069,0.000386851,0.00193411,0.000154395,1.25543e-08,0.000141821,1.02115e-06,2.90891e-06,2.11628e-06,2.56662e-06,0.00044078,1.64128e-06,0.000102471,5.4242e-05,0.000113391,5.47518e-05,6.27746e-05,1.91847e-06,3.84819e-08,1.14952e-06,4.7007e-06,2.68395e-08,2.53375e-07],
  [1.7292e-07,0.000804585,3.45337e-05,0.000849424,2.6361e-05,0.000668372,-0.0079897,0.000473458,0.000225322,8.84624e-06,0.000300274,0.00163401,3.18681e-07,4.19016e-07,7.19233e-06,2.15443e-05,0.000108585,2.28129e-05,2.51771e-05,5.08493e-08,9.91818e-08,2.46194e-05,0.00106995,3.43406e-05,1.6426e-05,8.59087e-06,2.21728e-05,6.93043e-05,1.81237e-07,5.6218e-05,1.68019e-05,0.000252242,3.62769e-05,1.1624e-05,1.68915e-05,3.00031e-07,6.58024e-06,5.92237e-05,3.24506e-05,5.07578e-06,1.42794e-05,2.38796e-05,0.000437983,1.00375e-07,4.2672e-05,6.80337e-08,8.28124e-05,1.85251e-06,0.000160327,5.13584e-06,7.28654e-06,4.09538e-05,1.38779e-08,1.624e-05,9.4487e-06,1.58842e-05,5.44708e-06,6.94688e-05,4.2304e-05,2.2363e-06,2.45436e-08,2.05417e-06,2.46843e-08,1.02355e-05,7.44649e-06,9.03108e-06,6.38437e-06,3.96746e-08,1.48422e-06,9.70837e-06,1.64239e-06,9.79961e-06,9.09243e-07,4.1962e-08,1.35405e-07,2.05744e-07,8.41343e-07,4.24598e-07,4.53497e-08],
  [5.0673e-06,0.00317387,1.54633e-06,0.00335075,1.18038e-06,0.00263655,0.000473458,-0.033559,0.000888835,3.96113e-07,0.0011845,0.00644572,9.33875e-06,2.04926e-05,2.84657e-05,4.33727e-06,0.000361094,9.02887e-05,2.03724e-05,1.49011e-06,2.90646e-06,0.000797332,0.00422067,1.2443e-05,5.9518e-06,1.72951e-06,0.000718094,2.51117e-05,5.31103e-06,2.037e-05,3.38253e-06,0.000995025,1.31446e-05,2.34012e-06,0.000547053,8.79224e-06,2.18823e-05,0.000233621,6.53292e-06,4.10713e-06,5.65149e-05,9.45104e-05,0.00172773,2.94143e-06,0.00138199,3.32729e-06,0.000326672,9.05998e-05,0.00053316,1.03394e-06,1.46692e-06,0.000161552,4.06682e-07,1.31408e-05,3.73959e-05,6.28662e-05,0.000266398,0.000274036,0.00137007,0.000109369,8.89313e-09,0.000100462,7.23357e-07,2.0606e-06,1.49912e-06,1.81813e-06,0.000312237,1.16264e-06,7.25882e-05,3.84236e-05,8.03235e-05,3.87848e-05,4.44679e-05,1.359e-06,2.72596e-08,8.14289e-07,3.32986e-06,1.90124e-08,1.79484e-07],
  [2.41157e-06,0.00151047,7.35911e-07,0.00159465,5.61752e-07,0.00125475,0.000225322,0.000888835,-0.0164368,1.88513e-07,0.000563713,0.00306757,4.44438e-06,9.75259e-06,1.3547e-05,2.06414e-06,0.000171848,4.29691e-05,9.69537e-06,7.09154e-07,1.38321e-06,0.000379456,0.00200865,5.9217e-06,2.83251e-06,8.23085e-07,0.000341746,1.19508e-05,2.52756e-06,9.69424e-06,1.60977e-06,0.00047354,6.2556e-06,1.11368e-06,0.000260347,4.18429e-06,1.0414e-05,0.000111182,3.10907e-06,1.95461e-06,2.68959e-05,4.49782e-05,0.000822238,1.39985e-06,0.000657699,1.58348e-06,0.000155466,4.31171e-05,0.000253735,4.92061e-07,6.98118e-07,7.68837e-05,1.93543e-07,6.25382e-06,1.7797e-05,2.99185e-05,0.000126781,0.000130416,0.000652028,5.20498e-05,4.23231e-09,4.78107e-05,3.44251e-07,9.80654e-07,7.13443e-07,8.65261e-07,0.000148596,5.53309e-07,3.45453e-05,1.82861e-05,3.82266e-05,1.8458e-05,2.11626e-05,6.46756e-07,1.2973e-08,3.87526e-07,1.5847e-06,9.04817e-09,8.5418e-08],
  [4.05892e-06,6.73146e-07,0.00281267,7.10661e-07,0.00214703,5.59186e-07,8.84624e-06,3.96113e-07,1.88513e-07,-0.00822344,2.51221e-07,1.36707e-06,7.48036e-06,3.82891e-07,0.000190263,2.90611e-08,1.00072e-06,0.000603486,3.23677e-05,1.19358e-06,2.32808e-06,1.0885e-05,8.95162e-07,2.72207e-06,1.30204e-06,1.15882e-08,9.80326e-06,5.49352e-06,4.25415e-06,4.45621e-06,2.2664e-08,2.11035e-07,2.87555e-06,1.56796e-08,7.46824e-06,7.0426e-06,6.06436e-08,4.95488e-08,4.37726e-08,6.52543e-06,0.000377743,0.000631703,3.66433e-07,2.35609e-06,1.88666e-05,6.21682e-08,6.9284e-08,1.6928e-06,1.47758e-06,6.92774e-09,9.82883e-09,3.42635e-08,3.25754e-07,2.08782e-05,0.000249953,0.000420195,4.97746e-06,5.81202e-08,1.87039e-05,2.0435e-06,1.94549e-09,1.87707e-06,5.79411e-07,1.38067e-08,1.00446e-08,1.2182e-08,5.83394e-06,9.31277e-07,1.35626e-06,0.000256822,1.50079e-06,0.000259236,8.30853e-07,1.85527e-08,1.82648e-10,5.44267e-06,2.22566e-05,3.45823e-05,1.19967e-06],
  [3.21376e-06,0.00201292,9.80708e-07,0.0021251,7.48616e-07,0.00167214,0.000300274,0.0011845,0.000563713,2.51221e-07,-0.0217169,0.00408798,5.92278e-06,1.29967e-05,1.80534e-05,2.75076e-06,0.000229012,5.72625e-05,1.29205e-05,9.4505e-07,1.84332e-06,0.00050568,0.00267681,7.89152e-06,3.77472e-06,1.09688e-06,0.000455427,1.59262e-05,3.36834e-06,1.2919e-05,2.14525e-06,0.000631061,8.33649e-06,1.48414e-06,0.000346949,5.57617e-06,1.38781e-05,0.000148166,4.14328e-06,2.60481e-06,3.58427e-05,5.99399e-05,0.00109575,1.8655e-06,0.000876479,2.11022e-06,0.000207181,5.74598e-05,0.000338139,6.55742e-07,9.30343e-07,0.000102459,2.57924e-07,8.33412e-06,2.37171e-05,3.98707e-05,0.000168954,0.000173798,0.000868921,6.93638e-05,5.64016e-09,6.37146e-05,4.58764e-07,1.30686e-06,9.50766e-07,1.15309e-06,0.000198026,7.37364e-07,4.60365e-05,2.43689e-05,5.09425e-05,2.45979e-05,2.82023e-05,8.61896e-07,1.72885e-08,5.16435e-07,2.11185e-06,1.2058e-08,1.13832e-07],
  [1.74884e-05,0.0109537,5.33673e-06,0.0115642,4.07375e-06,0.00909931,0.00163401,0.00644572,0.00306757,1.36707e-06,0.00408798,-0.10002,3.22301e-05,7.07245e-05,9.82414e-05,1.49689e-05,0.00124622,0.000311606,7.03095e-05,5.14269e-06,1.00308e-05,0.00275177,0.0145665,4.29434e-05,2.0541e-05,5.9689e-06,0.0024783,8.6666e-05,1.83296e-05,7.03014e-05,1.16739e-05,0.00343405,4.53648e-05,8.07628e-06,0.001888,3.03439e-05,7.55207e-05,0.000806279,2.25465e-05,1.41746e-05,0.000195045,0.000326176,0.00596276,1.01515e-05,0.00476955,1.14832e-05,0.00112742,0.00031268,0.00184005,3.56836e-06,5.06266e-06,0.00055755,1.40355e-06,4.53519e-05,0.000129062,0.000216965,0.000919397,0.000945757,0.00472842,0.000377458,3.06921e-08,0.000346717,2.49647e-06,7.11157e-06,5.17379e-06,6.27476e-06,0.0010776,4.01252e-06,0.000250518,0.000132608,0.000277214,0.000133855,0.000153469,4.69019e-06,9.40788e-08,2.81029e-06,1.14921e-05,6.56161e-08,6.1944e-07],
  [0.0012519,1.58701e-05,2.92016e-05,1.67545e-05,2.22908e-05,1.31834e-05,3.18681e-07,9.33875e-06,4.44438e-06,7.48036e-06,5.92278e-06,3.22301e-05,-0.015248,1.37934e-08,3.52383e-06,0.000587545,0.000502981,1.1177e-05,0.00140198,0.000368138,0.000718055,1.38202e-05,2.11043e-05,6.09454e-05,2.91518e-05,0.000234286,1.24467e-05,0.000122997,0.00131212,9.97718e-05,0.000458212,4.97536e-06,6.43818e-05,0.000317003,9.48206e-06,0.00217216,3.04807e-05,1.16816e-06,0.000884977,0.000282643,6.99609e-06,1.16996e-05,8.63903e-06,0.000726693,2.3954e-05,2.23957e-09,1.63344e-06,6.0982e-08,0.000742658,0.000140062,0.000198715,8.07796e-07,0.000100473,0.000904321,4.62931e-06,7.78233e-06,1.7931e-07,1.37024e-06,2.37475e-05,7.36158e-08,4.35583e-08,6.76203e-08,0.000178709,0.000279137,0.000203077,0.000246291,2.10164e-07,0.000287235,4.88585e-08,4.75654e-06,5.40652e-08,4.80124e-06,2.9931e-08,2.35555e-08,3.6927e-06,1.00802e-07,4.12209e-07,3.59039e-07,2.22187e-08],
  [7.48445e-09,3.48247e-05,1.49472e-06,3.67655e-05,1.14098e-06,2.89291e-05,4.19016e-07,2.04926e-05,9.75259e-06,3.82891e-07,1.29967e-05,7.07245e-05,1.37934e-08,-0.000346218,3.11305e-07,9.32498e-07,4.69986e-06,9.87409e-07,1.08974e-06,2.2009e-09,4.29287e-09,1.0656e-06,4.63105e-05,1.48636e-06,7.10965e-07,3.71837e-07,9.597e-07,2.99969e-06,7.84445e-09,2.43328e-06,7.27232e-07,1.09177e-05,1.57017e-06,5.03118e-07,7.31111e-07,1.29862e-08,2.84811e-07,2.56337e-06,1.40455e-06,2.19694e-07,6.18055e-07,1.03358e-06,1.89572e-05,4.34452e-09,1.84697e-06,2.94469e-09,3.58436e-06,8.01819e-08,6.9394e-06,2.22294e-07,3.15382e-07,1.7726e-06,6.00674e-10,7.02915e-07,4.08967e-07,6.87513e-07,2.35765e-07,3.00681e-06,1.83104e-06,9.67933e-08,1.06232e-09,8.89102e-08,1.06841e-09,4.43021e-07,3.22306e-07,3.90891e-07,2.76334e-07,1.71723e-09,6.42414e-08,4.20206e-07,7.10873e-08,4.24155e-07,3.93547e-08,1.81624e-09,5.86071e-09,8.90517e-09,3.64157e-08,1.83778e-08,1.96287e-09],
  [1.91206e-06,4.8374e-05,0.000742744,5.10699e-05,0.000566968,4.01846e-05,7.19233e-06,2.84657e-05,1.3547e-05,0.000190263,1.80534e-05,9.82414e-05,3.52383e-06,3.11305e-07,-0.00269766,4.35761e-06,6.94358e-06,0.00012976,8.30842e-06,5.62268e-07,1.09671e-06,6.79795e-06,6.43287e-05,3.69364e-06,1.76677e-06,1.73762e-06,6.12238e-06,7.4543e-06,2.00403e-06,6.04675e-06,3.39839e-06,1.51655e-05,3.90191e-06,2.3511e-06,4.6641e-06,3.31761e-06,4.20781e-07,3.56071e-06,6.56355e-06,1.675e-06,8.12212e-05,0.000135827,2.63329e-05,1.1099e-06,1.17827e-05,5.05451e-08,4.97893e-06,1.37631e-06,1.02523e-05,1.03879e-06,1.4738e-06,2.46227e-06,1.53455e-07,5.35919e-06,5.37441e-05,9.03491e-05,4.04687e-06,4.17667e-06,1.16811e-05,1.66144e-06,2.63989e-09,1.52613e-06,2.72947e-07,2.07026e-06,1.50615e-06,1.82665e-06,4.74322e-06,4.38703e-07,1.10269e-06,5.5221e-05,1.2202e-06,5.57401e-05,6.75515e-07,1.15866e-08,2.73874e-08,1.17027e-06,4.78555e-06,9.13218e-06,2.57949e-07],
  [0.000318808,7.37067e-06,1.13448e-07,7.78144e-06,8.65994e-08,6.12285e-06,2.15443e-05,4.33727e-06,2.06414e-06,2.90611e-08,2.75076e-06,1.49689e-05,0.000587545,9.32498e-07,4.35761e-06,-0.0109087,0.00082088,1.38216e-05,0.00129557,9.37498e-05,0.000182859,2.1231e-05,9.80164e-06,7.43746e-05,3.55753e-05,0.000256019,1.91211e-05,0.000150099,0.000334143,0.000121756,0.000500717,2.31075e-06,7.85682e-05,0.000346409,1.45667e-05,0.000553162,4.97453e-05,5.42538e-07,0.000967069,0.000261192,8.65146e-06,1.44679e-05,4.01229e-06,0.000185059,3.6799e-05,1.51405e-07,7.58631e-07,4.12266e-06,0.00121204,0.000153055,0.000217148,3.75171e-07,2.55863e-05,0.000835686,5.72467e-06,9.62374e-06,1.21222e-05,6.36392e-07,3.64817e-05,4.97676e-06,5.31563e-08,4.57143e-06,4.55099e-05,0.00030503,0.000221915,0.000269138,1.42081e-05,7.31472e-05,3.30306e-06,5.88199e-06,3.65505e-06,5.93728e-06,2.02347e-06,3.61867e-08,4.03524e-06,1.24654e-07,5.09743e-07,1.39486e-09,2.7476e-08],
  [0.000272923,0.000613636,3.90658e-06,0.000647834,2.98205e-06,0.000509751,0.000108585,0.000361094,0.000171848,1.00072e-06,0.000229012,0.00124622,0.000502981,4.69986e-06,6.94358e-06,0.00082088,-0.0183555,2.20239e-05,0.000278171,8.02567e-05,0.000156541,0.000106317,0.000816024,0.000628247,0.000300507,0.000327329,9.57513e-05,0.00126789,0.00028605,0.00102848,0.000640184,0.000192378,0.000663671,0.000442896,7.29444e-05,0.000473546,1.96668e-05,4.51684e-05,0.00123643,5.60801e-05,1.37856e-05,2.30537e-05,0.000334039,0.000158424,0.000184276,7.63094e-07,6.31589e-05,2.07785e-05,0.000479179,0.000195686,0.000277632,3.12344e-05,2.19038e-05,0.000179429,9.12191e-06,1.53348e-05,6.10967e-05,5.29821e-05,0.000182687,2.50832e-05,4.49015e-07,2.30404e-05,3.89597e-05,0.000389992,0.000283726,0.000344102,7.16097e-05,6.26193e-05,1.66477e-05,9.3726e-06,1.84217e-05,9.46069e-06,1.01985e-05,1.8121e-07,5.1592e-06,1.98628e-07,8.12245e-07,4.80321e-08,4.37813e-08],
  [6.06476e-06,0.000153435,0.00235587,0.000161986,0.00179833,0.000127459,2.28129e-05,9.02887e-05,4.29691e-05,0.000603486,5.72625e-05,0.000311606,1.1177e-05,9.87409e-07,0.00012976,1.38216e-05,2.20239e-05,-0.00827473,2.6353e-05,1.78343e-06,3.47858e-06,2.1562e-05,0.00020404,1.17156e-05,5.6039e-06,5.51144e-06,1.94192e-05,2.36439e-05,6.35647e-06,1.91793e-05,1.07792e-05,4.81027e-05,1.23762e-05,7.45731e-06,1.47938e-05,1.05229e-05,1.33465e-06,1.1294e-05,2.08186e-05,5.31284e-06,0.000257621,0.000430821,8.35237e-05,3.52043e-06,3.73727e-05,1.60321e-07,1.57924e-05,4.36543e-06,3.25186e-05,3.29488e-06,4.67465e-06,7.80992e-06,4.86735e-07,1.69985e-05,0.000170468,0.000286573,1.2836e-05,1.32477e-05,3.70504e-05,5.26982e-06,8.3733e-09,4.84063e-06,8.65745e-07,6.56653e-06,4.77727e-06,5.79386e-06,1.50447e-05,1.3915e-06,3.49756e-06,0.000175152,3.87028e-06,0.000176799,2.14263e-06,3.67509e-08,8.68685e-08,3.7119e-06,1.5179e-05,2.89658e-05,8.18172e-07],
  [0.000760728,3.46204e-05,0.000126356,3.65498e-05,9.64529e-05,2.87593e-05,2.51771e-05,2.03724e-05,9.69537e-06,3.23677e-05,1.29205e-05,7.03095e-05,0.00140198,1.08974e-06,8.30842e-06,0.00129557,0.000278171,2.6353e-05,-0.0156897,0.000223703,0.000436333,1.6812e-05,4.60388e-05,8.21442e-05,3.92917e-05,0.000516616,1.51412e-05,0.000165779,0.000797319,0.000134476,0.00101039,1.08537e-05,8.6776e-05,0.000699012,1.15348e-05,0.00131993,1.68572e-05,2.54833e-06,0.00195143,9.87532e-06,1.64953e-05,2.75852e-05,1.88459e-05,0.000441582,2.91396e-05,1.76935e-07,3.56333e-06,4.81783e-06,0.000410723,0.000308846,0.000438179,1.7622e-06,6.10532e-05,3.15962e-05,1.09149e-05,1.83491e-05,1.41662e-05,2.98916e-06,2.88884e-05,5.81595e-06,5.87094e-08,5.34228e-06,0.000108594,0.000615515,0.000447798,0.000543088,1.66038e-05,0.000174541,3.86002e-06,1.12149e-05,4.27137e-06,1.13203e-05,2.36467e-06,2.86548e-08,8.14264e-06,2.3767e-07,9.719e-07,1.55357e-06,5.23869e-08],
  [0.000199755,2.53226e-06,4.65946e-06,2.67338e-06,3.55676e-06,2.10356e-06,5.08493e-08,1.49011e-06,7.09154e-07,1.19358e-06,9.4505e-07,5.14269e-06,0.000368138,2.2009e-09,5.62268e-07,9.37498e-05,8.02567e-05,1.78343e-06,0.000223703,-0.0027424,0.000114574,2.20517e-06,3.36744e-06,9.72456e-06,4.65151e-06,3.73832e-05,1.98602e-06,1.96256e-05,0.000209364,1.59198e-05,7.31132e-05,7.93878e-07,1.02729e-05,5.05816e-05,1.51298e-06,0.000346594,4.86355e-06,1.86394e-07,0.000141209,4.50991e-05,1.11631e-06,1.86681e-06,1.37846e-06,0.000115953,3.82215e-06,3.57351e-10,2.60634e-07,9.73041e-09,0.0001185,2.23486e-05,3.17074e-05,1.28893e-07,1.60316e-05,0.000144295,7.38662e-07,1.24176e-06,2.86111e-08,2.18638e-07,3.78919e-06,1.17463e-08,6.95025e-09,1.07896e-08,2.85151e-05,4.45397e-05,3.24034e-05,3.92987e-05,3.35342e-08,4.58318e-05,7.79596e-09,7.58962e-07,8.62674e-09,7.66095e-07,4.77585e-09,3.75856e-09,5.89214e-07,1.60842e-08,6.57729e-08,5.72889e-08,3.54526e-09],
  [0.000389624,4.93918e-06,9.0883e-06,5.21445e-06,6.93748e-06,4.103e-06,9.91818e-08,2.90646e-06,1.38321e-06,2.32808e-06,1.84332e-06,1.00308e-05,0.000718055,4.29287e-09,1.09671e-06,0.000182859,0.000156541,3.47858e-06,0.000436333,0.000114574,-0.00524017,4.30119e-06,6.56821e-06,1.89678e-05,9.0728e-06,7.2916e-05,3.87375e-06,3.82797e-05,0.000408365,3.10516e-05,0.000142608,1.54846e-06,2.00373e-05,9.86597e-05,2.95107e-06,0.000676034,9.48638e-06,3.63562e-07,0.000275428,8.7966e-05,2.17737e-06,3.64123e-06,2.68869e-06,0.000226166,7.45512e-06,6.97014e-10,5.08369e-07,1.89792e-08,0.000231135,4.3591e-05,6.18454e-05,2.51407e-07,3.12697e-05,0.000281448,1.44076e-06,2.42207e-06,5.5806e-08,4.26455e-07,7.39083e-06,2.29112e-08,1.35565e-08,2.10452e-08,5.56188e-05,8.68748e-05,6.3203e-05,7.66523e-05,6.54087e-08,8.93951e-05,1.52061e-08,1.48036e-06,1.68265e-08,1.49427e-06,9.31532e-09,7.33108e-09,1.14927e-06,3.13723e-08,1.2829e-07,1.11742e-07,6.91505e-09],
  [7.49896e-06,0.00135497,4.24925e-05,0.00143048,3.24363e-05,0.00112558,2.46194e-05,0.000797332,0.000379456,1.0885e-05,0.00050568,0.00275177,1.38202e-05,1.0656e-06,6.79795e-06,2.1231e-05,0.000106317,2.1562e-05,1.6812e-05,2.20517e-06,4.30119e-06,-0.0126381,0.00180186,2.29037e-05,1.09555e-05,8.46595e-06,1.13694e-09,4.6223e-05,7.85965e-06,3.7495e-05,1.65575e-05,0.00042479,2.41952e-05,1.14549e-05,8.66134e-10,1.30114e-05,6.44281e-06,9.97363e-05,3.19787e-05,3.38934e-06,1.34964e-05,2.25702e-05,0.00073759,4.35294e-06,2.18807e-09,1.73016e-07,0.000139461,4.71111e-06,0.000156978,5.06116e-06,7.18059e-06,6.89687e-05,6.01838e-07,1.08443e-05,8.93059e-06,1.50132e-05,1.38524e-05,0.00011699,2.1692e-09,5.68712e-06,1.63695e-08,5.22394e-06,1.07048e-06,1.00866e-05,7.33821e-06,8.89976e-06,1.62361e-05,1.72056e-06,3.77452e-06,9.17601e-06,4.17675e-06,9.26226e-06,2.31229e-06,2.15166e-12,1.33436e-07,1.94462e-07,7.95209e-07,5.22453e-07,4.2863e-08],
  [1.14514e-05,0.00717251,3.4945e-06,0.00757224,2.6675e-06,0.00595824,0.00106995,0.00422067,0.00200865,8.95162e-07,0.00267681,0.0145665,2.11043e-05,4.63105e-05,6.43287e-05,9.80164e-06,0.000816024,0.00020404,4.60388e-05,3.36744e-06,6.56821e-06,0.00180186,-0.0705214,2.81194e-05,1.34503e-05,3.90845e-06,0.0016228,5.6749e-05,1.20022e-05,4.60334e-05,7.64406e-06,0.00224862,2.97049e-05,5.28836e-06,0.00123626,1.98693e-05,4.94511e-05,0.000527953,1.47635e-05,9.28156e-06,0.000127716,0.000213581,0.00390442,6.64723e-06,0.00312311,7.51922e-06,0.000738236,0.000204743,0.00120487,2.33657e-06,3.31504e-06,0.000365085,9.19047e-07,2.96965e-05,8.45097e-05,0.000142069,0.000602023,0.000619283,0.00309618,0.00024716,2.00973e-08,0.000227031,1.63469e-06,4.65667e-06,3.38781e-06,4.10872e-06,0.000705613,2.62741e-06,0.000164039,8.68322e-05,0.00018152,8.76483e-05,0.000100492,3.07115e-06,6.1603e-08,1.84018e-06,7.52502e-06,4.29655e-08,4.0561e-07],
  [3.30696e-05,2.11453e-05,1.06263e-05,2.23237e-05,8.11151e-06,1.75655e-05,3.43406e-05,1.2443e-05,5.9217e-06,2.72207e-06,7.89152e-06,4.29434e-05,6.09454e-05,1.48636e-06,3.69364e-06,7.43746e-05,0.000628247,1.17156e-05,8.21442e-05,9.72456e-06,1.89678e-05,2.29037e-05,2.81194e-05,-0.0220472,0.00175891,2.96572e-05,2.06276e-05,0.00742114,3.46602e-05,0.00601985,5.80029e-05,6.62917e-06,0.00388455,4.01279e-05,1.57143e-05,5.73788e-05,3.80718e-05,1.55646e-06,0.000112025,1.65605e-05,7.33324e-06,1.22634e-05,1.15106e-05,1.9196e-05,3.96983e-05,2.41333e-07,2.17639e-06,6.57133e-06,0.000927614,1.77298e-05,2.51544e-05,1.07631e-06,2.65404e-06,5.29856e-05,4.8524e-06,8.15737e-06,1.93222e-05,1.82571e-06,3.93559e-05,7.93273e-06,2.62814e-06,7.28666e-06,4.72068e-06,3.53347e-05,2.57066e-05,3.11769e-05,2.2647e-05,7.58747e-06,5.26493e-06,4.98576e-06,5.82599e-06,5.03262e-06,3.22532e-06,3.90378e-08,4.67441e-07,1.0566e-07,4.32074e-07,1.30652e-07,2.32895e-08],
  [1.58181e-05,1.01144e-05,5.08284e-06,1.0678e-05,3.87995e-06,8.40205e-06,1.6426e-05,5.9518e-06,2.83251e-06,1.30204e-06,3.77472e-06,2.0541e-05,2.91518e-05,7.10965e-07,1.76677e-06,3.55753e-05,0.000300507,5.6039e-06,3.92917e-05,4.65151e-06,9.0728e-06,1.09555e-05,1.34503e-05,0.00175891,-0.0114633,1.41858e-05,9.86672e-06,0.00354973,1.65789e-05,0.00287945,2.77443e-05,3.17091e-06,0.00185808,1.91943e-05,7.51658e-06,2.74458e-05,1.82107e-05,7.44496e-07,5.35846e-05,7.92133e-06,3.50768e-06,5.86593e-06,5.50585e-06,9.18195e-06,1.89887e-05,1.15436e-07,1.04103e-06,3.14324e-06,0.000443702,8.48064e-06,1.2032e-05,5.14827e-07,1.2695e-06,2.53444e-05,2.32103e-06,3.90189e-06,9.24233e-06,8.73286e-07,1.8825e-05,3.79444e-06,1.25711e-06,3.4854e-06,2.25803e-06,1.69015e-05,1.22961e-05,1.49127e-05,1.08327e-05,3.62929e-06,2.51835e-06,2.38482e-06,2.78672e-06,2.40723e-06,1.54276e-06,1.86728e-08,2.2359e-07,5.05401e-08,2.06672e-07,6.24945e-08,1.114e-08],
  [0.000127126,2.93909e-06,4.52378e-08,3.10288e-06,3.45319e-08,2.44151e-06,8.59087e-06,1.72951e-06,8.23085e-07,1.15882e-08,1.09688e-06,5.9689e-06,0.000234286,3.71837e-07,1.73762e-06,0.000256019,0.000327329,5.51144e-06,0.000516616,3.73832e-05,7.2916e-05,8.46595e-06,3.90845e-06,2.96572e-05,1.41858e-05,-0.00450382,7.62462e-06,5.98525e-05,0.000133241,4.85509e-05,0.000199663,9.2142e-07,3.13294e-05,0.000138132,5.80852e-06,0.000220576,1.98362e-05,2.1634e-07,0.000385623,0.000104151,3.44981e-06,5.76914e-06,1.59992e-06,7.37932e-05,1.46738e-05,6.03735e-08,3.02507e-07,1.64393e-06,0.000483306,6.10312e-05,8.65888e-05,1.49601e-07,1.02027e-05,0.000333233,2.28274e-06,3.83751e-06,4.83377e-06,2.53764e-07,1.45472e-05,1.9845e-06,2.11963e-08,1.82288e-06,1.81473e-05,0.000121632,8.84896e-05,0.00010732,5.66553e-06,2.91678e-05,1.31711e-06,2.34547e-06,1.45747e-06,2.36752e-06,8.06868e-07,1.44296e-08,1.60907e-06,4.97062e-08,2.03262e-07,5.56207e-10,1.09562e-08],
  [6.75372e-06,0.00122031,3.82696e-05,0.00128832,2.92128e-05,0.00101372,2.21728e-05,0.000718094,0.000341746,9.80326e-06,0.000455427,0.0024783,1.24467e-05,9.597e-07,6.12238e-06,1.91211e-05,9.57513e-05,1.94192e-05,1.51412e-05,1.98602e-06,3.87375e-06,1.13694e-09,0.0016228,2.06276e-05,9.86672e-06,7.62462e-06,-0.0113821,4.16294e-05,7.07857e-06,3.37688e-05,1.49121e-05,0.000382575,2.17907e-05,1.03166e-05,7.80058e-10,1.17183e-05,5.80253e-06,8.98246e-05,2.88007e-05,3.05251e-06,1.21552e-05,2.03272e-05,0.000664289,3.92035e-06,1.97062e-09,1.55822e-07,0.000125602,4.24292e-06,0.000141378,4.55819e-06,6.46699e-06,6.21147e-05,5.42028e-07,9.76656e-06,8.04308e-06,1.35212e-05,1.24758e-05,0.000105363,1.95363e-09,5.12194e-06,1.47428e-08,4.70479e-06,9.64094e-07,9.08425e-06,6.60895e-06,8.01531e-06,1.46225e-05,1.54957e-06,3.39941e-06,8.26411e-06,3.76167e-06,8.34179e-06,2.0825e-06,1.93783e-12,1.20175e-07,1.75136e-07,7.16182e-07,4.70532e-07,3.86033e-08],
  [6.67392e-05,4.26743e-05,2.14454e-05,4.50525e-05,1.63702e-05,3.54498e-05,6.93043e-05,2.51117e-05,1.19508e-05,5.49352e-06,1.59262e-05,8.6666e-05,0.000122997,2.99969e-06,7.4543e-06,0.000150099,0.00126789,2.36439e-05,0.000165779,1.96256e-05,3.82797e-05,4.6223e-05,5.6749e-05,0.00742114,0.00354973,5.98525e-05,4.16294e-05,-0.0369386,6.99493e-05,0.0121489,0.000117058,1.33786e-05,0.00783959,8.0984e-05,3.17138e-05,0.000115799,7.68343e-05,3.14116e-06,0.000226083,3.34215e-05,1.47995e-05,2.47494e-05,2.32301e-05,3.87403e-05,8.01168e-05,4.87045e-07,4.39228e-06,1.32619e-05,0.00187206,3.57813e-05,5.07652e-05,2.17215e-06,5.35623e-06,0.000106933,9.79285e-06,1.64628e-05,3.8995e-05,3.68455e-06,7.9426e-05,1.60094e-05,5.30397e-06,1.47055e-05,9.52702e-06,7.13104e-05,5.18796e-05,6.29194e-05,4.5705e-05,1.53126e-05,1.06254e-05,1.0062e-05,1.17577e-05,1.01565e-05,6.50917e-06,7.87839e-08,9.43364e-07,2.13237e-07,8.71988e-07,2.63675e-07,4.70015e-08],
  [0.000711967,9.02546e-06,1.66072e-05,9.52845e-06,1.2677e-05,7.4975e-06,1.81237e-07,5.31103e-06,2.52756e-06,4.25415e-06,3.36834e-06,1.83296e-05,0.00131212,7.84445e-09,2.00403e-06,0.000334143,0.00028605,6.35647e-06,0.000797319,0.000209364,0.000408365,7.85965e-06,1.20022e-05,3.46602e-05,1.65789e-05,0.000133241,7.07857e-06,6.99493e-05,-0.00923761,5.67412e-05,0.00026059,2.82953e-06,3.66145e-05,0.000180283,5.39254e-06,0.00123533,1.73346e-05,6.64344e-07,0.000503295,0.000160742,3.97874e-06,6.65368e-06,4.9131e-06,0.000413277,1.36229e-05,1.27367e-09,9.28952e-07,3.4681e-08,0.000422357,7.96547e-05,0.000113011,4.59401e-07,5.71398e-05,0.000514296,2.63273e-06,4.42589e-06,1.01975e-07,7.79269e-07,1.35054e-05,4.1866e-08,2.4772e-08,3.84563e-08,0.000101633,0.000158748,0.000115492,0.000140068,1.19522e-07,0.000163353,2.77863e-08,2.70509e-06,3.07474e-08,2.73051e-06,1.70221e-08,1.33962e-08,2.10007e-06,5.73273e-08,2.34427e-07,2.04189e-07,1.2636e-08],
  [5.41372e-05,3.46164e-05,1.7396e-05,3.65455e-05,1.32791e-05,2.8756e-05,5.6218e-05,2.037e-05,9.69424e-06,4.45621e-06,1.2919e-05,7.03014e-05,9.97718e-05,2.43328e-06,6.04675e-06,0.000121756,0.00102848,1.91793e-05,0.000134476,1.59198e-05,3.10516e-05,3.7495e-05,4.60334e-05,0.00601985,0.00287945,4.85509e-05,3.37688e-05,0.0121489,5.67412e-05,-0.0322577,9.49548e-05,1.08524e-05,0.00635928,6.56922e-05,2.57255e-05,9.39331e-05,6.23261e-05,2.54803e-06,0.000183393,2.71107e-05,1.2005e-05,2.00761e-05,1.88437e-05,3.14252e-05,6.49888e-05,3.95079e-07,3.56291e-06,1.07577e-05,0.00151857,2.90249e-05,4.11795e-05,1.76199e-06,4.34485e-06,8.67411e-05,7.94373e-06,1.33542e-05,3.16318e-05,2.98882e-06,6.44284e-05,1.29864e-05,4.30246e-06,1.19288e-05,7.72809e-06,5.78453e-05,4.20835e-05,5.10387e-05,3.70748e-05,1.24212e-05,8.61906e-06,8.16203e-06,9.53755e-06,8.23875e-06,5.28008e-06,6.39076e-08,7.65234e-07,1.72973e-07,7.07335e-07,2.13887e-07,3.81265e-08],
  [0.000248631,5.74821e-06,8.84751e-08,6.06855e-06,6.75367e-08,4.77506e-06,1.68019e-05,3.38253e-06,1.60977e-06,2.2664e-08,2.14525e-06,1.16739e-05,0.000458212,7.27232e-07,3.39839e-06,0.000500717,0.000640184,1.07792e-05,0.00101039,7.31132e-05,0.000142608,1.65575e-05,7.64406e-06,5.80029e-05,2.77443e-05,0.000199663,1.49121e-05,0.000117058,0.00026059,9.49548e-05,-0.00861764,1.80209e-06,6.12734e-05,0.000270156,1.13602e-05,0.000431397,3.87952e-05,4.23113e-07,0.000754194,0.000203697,6.74706e-06,1.12832e-05,3.12909e-06,0.000144323,2.86986e-05,1.18077e-07,5.91638e-07,3.21516e-06,0.00094524,0.000119364,0.000169349,2.92587e-07,1.99542e-05,0.000651731,4.46453e-06,7.50532e-06,9.4538e-06,4.96307e-07,2.84512e-05,3.88125e-06,4.14553e-08,3.56515e-06,3.5492e-05,0.000237886,0.000173066,0.000209894,1.10805e-05,5.70457e-05,2.57597e-06,4.58722e-06,2.85048e-06,4.63034e-06,1.57806e-06,2.82211e-08,3.14699e-06,9.72143e-08,3.97537e-07,1.08782e-09,2.14278e-08],
  [2.69968e-06,0.00169093,8.23831e-07,0.00178516,6.28865e-07,0.00140466,0.000252242,0.000995025,0.00047354,2.11035e-07,0.000631061,0.00343405,4.97536e-06,1.09177e-05,1.51655e-05,2.31075e-06,0.000192378,4.81027e-05,1.08537e-05,7.93878e-07,1.54846e-06,0.00042479,0.00224862,6.62917e-06,3.17091e-06,9.2142e-07,0.000382575,1.33786e-05,2.82953e-06,1.08524e-05,1.80209e-06,-0.018344,7.00296e-06,1.24674e-06,0.00029145,4.68419e-06,1.16581e-05,0.000124465,3.48051e-06,2.18813e-06,3.01092e-05,5.03518e-05,0.000920471,1.56709e-06,0.000736275,1.77266e-06,0.00017404,4.82684e-05,0.000284049,5.50848e-07,7.81523e-07,8.60691e-05,2.16666e-07,7.00097e-06,1.99232e-05,3.34929e-05,0.000141927,0.000145997,0.000729926,5.82682e-05,4.73794e-09,5.35227e-05,3.85379e-07,1.09781e-06,7.98679e-07,9.68635e-07,0.000166349,6.19413e-07,3.86724e-05,2.04708e-05,4.27936e-05,2.06632e-05,2.3691e-05,7.24025e-07,1.4523e-08,4.33825e-07,1.77403e-06,1.01292e-08,9.5623e-08],
  [3.49342e-05,2.23376e-05,1.12255e-05,2.35825e-05,8.56888e-06,1.8556e-05,3.62769e-05,1.31446e-05,6.2556e-06,2.87555e-06,8.33649e-06,4.53648e-05,6.43818e-05,1.57017e-06,3.90191e-06,7.85682e-05,0.000663671,1.23762e-05,8.6776e-05,1.02729e-05,2.00373e-05,2.41952e-05,2.97049e-05,0.00388455,0.00185808,3.13294e-05,2.17907e-05,0.00783959,3.66145e-05,0.00635928,6.12734e-05,7.00296e-06,-0.0230713,4.23906e-05,1.66004e-05,6.06141e-05,4.02185e-05,1.64422e-06,0.000118342,1.74943e-05,7.74673e-06,1.29549e-05,1.21597e-05,2.02784e-05,4.19367e-05,2.54941e-07,2.29911e-06,6.94187e-06,0.000979918,1.87295e-05,2.65728e-05,1.137e-06,2.80369e-06,5.59732e-05,5.12601e-06,8.61733e-06,2.04117e-05,1.92866e-06,4.1575e-05,8.38003e-06,2.77633e-06,7.69753e-06,4.98686e-06,3.7327e-05,2.71561e-05,3.29348e-05,2.3924e-05,8.01529e-06,5.56179e-06,5.26688e-06,6.15449e-06,5.31639e-06,3.40719e-06,4.12389e-08,4.93798e-07,1.11618e-07,4.56437e-07,1.38019e-07,2.46027e-08],
  [0.000172009,3.97676e-06,6.12094e-08,4.19838e-06,4.67237e-08,3.30351e-06,1.1624e-05,2.34012e-06,1.11368e-06,1.56796e-08,1.48414e-06,8.07628e-06,0.000317003,5.03118e-07,2.3511e-06,0.000346409,0.000442896,7.45731e-06,0.000699012,5.05816e-05,9.86597e-05,1.14549e-05,5.28836e-06,4.01279e-05,1.91943e-05,0.000138132,1.03166e-05,8.0984e-05,0.000180283,6.56922e-05,0.000270156,1.24674e-06,4.23906e-05,-0.00604516,7.85928e-06,0.000298452,2.68395e-05,2.9272e-07,0.000521771,0.000140923,4.6678e-06,7.80599e-06,2.16479e-06,9.98466e-05,1.98545e-05,8.1689e-08,4.0931e-07,2.22433e-06,0.000653942,8.25788e-05,0.00011716,2.02419e-07,1.38048e-05,0.000450885,3.08868e-06,5.19238e-06,6.54038e-06,3.43358e-07,1.96833e-05,2.68515e-06,2.86799e-08,2.46646e-06,2.45543e-05,0.000164576,0.000119732,0.00014521,7.6658e-06,3.94657e-05,1.78213e-06,3.17356e-06,1.97204e-06,3.20339e-06,1.09174e-06,1.95241e-08,2.17717e-06,6.72554e-08,2.75026e-07,7.52581e-10,1.48243e-08],
  [5.14506e-06,0.00092965,2.91543e-05,0.00098146,2.22547e-05,0.000772265,1.68915e-05,0.000547053,0.000260347,7.46824e-06,0.000346949,0.001888,9.48206e-06,7.31111e-07,4.6641e-06,1.45667e-05,7.29444e-05,1.47938e-05,1.15348e-05,1.51298e-06,2.95107e-06,8.66134e-10,0.00123626,1.57143e-05,7.51658e-06,5.80852e-06,7.80058e-10,3.17138e-05,5.39254e-06,2.57255e-05,1.13602e-05,0.00029145,1.66004e-05,7.85928e-06,-0.00867104,8.92716e-06,4.42043e-06,6.84295e-05,2.19407e-05,2.32544e-06,9.25996e-06,1.54855e-05,0.000506064,2.98657e-06,1.50124e-09,1.18707e-07,9.56848e-05,3.23231e-06,0.000107703,3.47248e-06,4.92663e-06,4.73197e-05,4.12923e-07,7.44029e-06,6.12731e-06,1.03006e-05,9.50422e-06,8.02671e-05,1.4883e-09,3.90195e-06,1.12312e-08,3.58417e-06,7.34458e-07,6.92049e-06,5.03478e-06,6.10616e-06,1.11396e-05,1.18048e-06,2.58971e-06,6.2957e-06,2.86569e-06,6.35487e-06,1.58647e-06,1.47626e-12,9.1551e-08,1.33421e-07,5.45596e-07,3.58457e-07,2.94085e-08],
  [0.00117864,1.49413e-05,2.74927e-05,1.5774e-05,2.09863e-05,1.24119e-05,3.00031e-07,8.79224e-06,4.18429e-06,7.0426e-06,5.57617e-06,3.03439e-05,0.00217216,1.29862e-08,3.31761e-06,0.000553162,0.000473546,1.05229e-05,0.00131993,0.000346594,0.000676034,1.30114e-05,1.98693e-05,5.73788e-05,2.74458e-05,0.000220576,1.17183e-05,0.000115799,0.00123533,9.39331e-05,0.000431397,4.68419e-06,6.06141e-05,0.000298452,8.92716e-06,-0.0144828,2.86969e-05,1.0998e-06,0.000833188,0.000266103,6.58667e-06,1.10149e-05,8.13346e-06,0.000684166,2.25522e-05,2.10851e-09,1.53785e-06,5.74133e-08,0.000699197,0.000131866,0.000187086,7.60523e-07,9.4593e-05,0.000851399,4.3584e-06,7.3269e-06,1.68817e-07,1.29005e-06,2.23577e-05,6.93077e-08,4.10093e-08,6.36631e-08,0.00016825,0.000262802,0.000191193,0.000231878,1.97865e-07,0.000270426,4.59993e-08,4.47818e-06,5.09012e-08,4.52027e-06,2.81794e-08,2.2177e-08,3.4766e-06,9.49033e-08,3.88086e-07,3.38028e-07,2.09185e-08],
  [1.65391e-05,3.71864e-05,2.36739e-07,3.92588e-05,1.80712e-07,3.08909e-05,6.58024e-06,2.18823e-05,1.0414e-05,6.06436e-08,1.38781e-05,7.55207e-05,3.04807e-05,2.84811e-07,4.20781e-07,4.97453e-05,1.96668e-05,1.33465e-06,1.68572e-05,4.86355e-06,9.48638e-06,6.44281e-06,4.94511e-05,3.80718e-05,1.82107e-05,1.98362e-05,5.80253e-06,7.68343e-05,1.73346e-05,6.23261e-05,3.87952e-05,1.16581e-05,4.02185e-05,2.68395e-05,4.42043e-06,2.86969e-05,-0.00113082,2.73721e-06,7.49278e-05,3.39845e-06,8.35406e-07,1.39706e-06,2.02427e-05,9.60051e-06,1.11671e-05,4.62435e-08,3.82743e-06,1.25918e-06,2.90383e-05,1.18586e-05,1.68245e-05,1.89281e-06,1.32737e-06,1.08734e-05,5.52788e-07,9.29291e-07,3.70246e-06,3.21071e-06,1.10708e-05,1.52004e-06,2.72103e-08,1.39625e-06,2.36096e-06,2.36335e-05,1.71938e-05,2.08526e-05,4.33955e-06,3.79473e-06,1.00885e-06,5.67979e-07,1.11636e-06,5.73318e-07,6.18026e-07,1.09813e-08,3.12648e-07,1.20368e-08,4.9222e-08,2.91075e-09,2.65314e-09],
  [6.33856e-07,0.000397011,1.93427e-07,0.000419137,1.47651e-07,0.000329799,5.92237e-05,0.000233621,0.000111182,4.95488e-08,0.000148166,0.000806279,1.16816e-06,2.56337e-06,3.56071e-06,5.42538e-07,4.51684e-05,1.1294e-05,2.54833e-06,1.86394e-07,3.63562e-07,9.97363e-05,0.000527953,1.55646e-06,7.44496e-07,2.1634e-07,8.98246e-05,3.14116e-06,6.64344e-07,2.54803e-06,4.23113e-07,0.000124465,1.64422e-06,2.9272e-07,6.84295e-05,1.0998e-06,2.73721e-06,-0.00440221,8.17187e-07,5.13751e-07,7.06931e-06,1.18221e-05,0.000216117,3.67936e-07,0.00017287,4.16202e-07,4.08627e-05,1.13329e-05,6.66917e-05,1.29333e-07,1.83493e-07,2.02081e-05,5.08709e-08,1.64375e-06,4.67776e-06,7.86378e-06,3.3323e-05,3.42784e-05,0.000171379,1.36808e-05,1.11242e-09,1.25666e-05,9.0483e-08,2.57755e-07,1.87521e-07,2.27425e-07,3.9057e-05,1.45432e-07,9.07987e-06,4.80632e-06,1.00475e-05,4.85149e-06,5.56238e-06,1.69993e-07,3.40983e-09,1.01857e-07,4.16523e-07,2.37822e-09,2.24513e-08],
  [0.000480198,1.11019e-05,1.70878e-07,1.17206e-05,1.30438e-07,9.22241e-06,3.24506e-05,6.53292e-06,3.10907e-06,4.37726e-08,4.14328e-06,2.25465e-05,0.000884977,1.40455e-06,6.56355e-06,0.000967069,0.00123643,2.08186e-05,0.00195143,0.000141209,0.000275428,3.19787e-05,1.47635e-05,0.000112025,5.35846e-05,0.000385623,2.88007e-05,0.000226083,0.000503295,0.000183393,0.000754194,3.48051e-06,0.000118342,0.000521771,2.19407e-05,0.000833188,7.49278e-05,8.17187e-07,-0.0159414,0.000393414,1.30311e-05,2.1792e-05,6.04343e-06,0.000278742,5.54277e-05,2.28051e-07,1.14267e-06,6.20967e-06,0.00182561,0.000230535,0.000327075,5.65093e-07,3.85389e-05,0.00125873,8.62266e-06,1.44955e-05,1.82588e-05,9.58552e-07,5.49497e-05,7.49614e-06,8.00656e-08,6.88562e-06,6.85482e-05,0.000459445,0.000334255,0.000405383,2.14006e-05,0.000110176,4.97516e-06,8.85963e-06,5.50534e-06,8.9429e-06,3.04781e-06,5.45055e-08,6.07799e-06,1.87757e-07,7.6779e-07,2.10098e-09,4.13851e-08],
  [0.000153365,6.97957e-06,2.54738e-05,7.36855e-06,1.94452e-05,5.79797e-06,5.07578e-06,4.10713e-06,1.95461e-06,6.52543e-06,2.60481e-06,1.41746e-05,0.000282643,2.19694e-07,1.675e-06,0.000261192,5.60801e-05,5.31284e-06,9.87532e-06,4.50991e-05,8.7966e-05,3.38934e-06,9.28156e-06,1.65605e-05,7.92133e-06,0.000104151,3.05251e-06,3.34215e-05,0.000160742,2.71107e-05,0.000203697,2.18813e-06,1.74943e-05,0.000140923,2.32544e-06,0.000266103,3.39845e-06,5.13751e-07,0.000393414,-0.00317097,3.3255e-06,5.56125e-06,3.7994e-06,8.90242e-05,5.87464e-06,3.56707e-08,7.18377e-07,9.71288e-07,8.2803e-05,6.22643e-05,8.83383e-05,3.55264e-07,1.23085e-05,6.36989e-06,2.20048e-06,3.69922e-06,2.85596e-06,6.02624e-07,5.82398e-06,1.17251e-06,1.1836e-08,1.07702e-06,2.18929e-05,0.00012409,9.02774e-05,0.000109488,3.34738e-06,3.5188e-05,7.78192e-07,2.26095e-06,8.61121e-07,2.2822e-06,4.76725e-07,5.7769e-09,1.64158e-06,4.7915e-08,1.95938e-07,3.13205e-07,1.05614e-08],
