// This file is auto-generated by TongueTwisterReader. Do not edit

AlignmentCutoff = 0.95;

StatClass[][] TransitionStats = [
  [new(0.0279578,0.0385592,0.0656838),new(1e-06,6.01805e-06,0.000132352),new(1e-06,9.49292e-05,0.000389745),new(1e-06,1.01997e-06,1.08364e-06),new(0.00527858,0.00713743,0.0112068),new(0.000778538,0.00146339,0.00236324),new(0.0170878,0.0296646,0.0620917),new(0.000289215,0.00316661,0.012278),new(1.00372e-06,0.000644506,0.00216923),new(0.0934538,0.134737,0.172401)],
  [null,new(0.00239962,0.0194243,0.0570257),new(1e-06,0.000274075,0.00114191),new(0.096129,0.120323,0.154907),new(0.000391168,0.000818366,0.00147081),new(1e-06,0.00168082,0.0218443),new(1e-06,0.00152402,0.0204026),new(0.00379918,0.0352558,0.0941147),new(0.00176431,0.0221813,0.0470016),new(0.000751929,0.00635504,0.019028)],
  [null,null,new(0.00829773,0.0121984,0.0170086),new(1e-06,1.01982e-06,1.09251e-06),new(1e-06,1.02471e-06,1.09979e-06),new(1e-06,1.02471e-06,1.11107e-06),new(1e-06,7.82873e-05,0.00117609),new(0.000271717,0.00357218,0.013996),new(0.0103793,0.045802,0.0826398),new(1e-06,0.000414596,0.00263011)],
  [null,null,null,new(0.0209853,0.0290047,0.0470566),new(1e-06,1.02066e-06,1.09174e-06),new(0.000420785,0.000703234,0.0015967),new(0.00261479,0.00432562,0.00935539),new(0.0283127,0.0730306,0.095185),new(0.00326341,0.00931319,0.0189303),new(0.000137591,0.000772747,0.00215504)],
  [null,null,null,null,new(0.00731966,0.00943128,0.0135816),new(1e-06,1.01921e-06,1.09649e-06),new(0.00285364,0.00564739,0.0088429),new(1e-06,0.000275798,0.00302786),new(1e-06,7.38737e-06,0.000151173),new(0.0227832,0.0394491,0.0546195)],
  [null,null,null,null,null,new(0.0571526,0.0748558,0.0958381),new(0.00761046,0.0119042,0.0171663),new(0.000604978,0.00402572,0.0119015),new(1e-06,0.000166492,0.00145314),new(1e-06,5.63438e-05,0.00060368)],
  [null,null,null,null,null,null,new(0.00127272,0.0135134,0.029559),new(0.0135243,0.0324419,0.0580241),new(1e-06,6.38989e-05,0.00105354),new(0.000902216,0.024653,0.0668503)],
  [null,null,null,null,null,null,null,new(0.00349042,0.0225393,0.0467652),new(1e-06,7.2741e-05,0.00189342),new(1e-06,0.00922336,0.0383409)],
  [null,null,null,null,null,null,null,null,new(0.0591223,0.120785,0.221275),new(0.000382385,0.00471222,0.0189463)],
  [null,null,null,null,null,null,null,null,null,new(1e-06,0.0236441,0.0730254)]
];

AverageRates = [
  [-0.00521407,1.23007e-08,5.14801e-06,2.79821e-08,3.61136e-06,3.5349e-08,6.43606e-08,9.12546e-09,0.000129889,4.28291e-05,1.3014e-09,1.40999e-08,3.49841e-08,2.20586e-05,5.98342e-05,0.00032923,6.01167e-06,6.55972e-05,1.75868e-08,2.82107e-08,0.000140146,3.56743e-06,1.84581e-08,8.19642e-07,9.07212e-09,0.000209113,8.88047e-07,8.49089e-07,7.92644e-09,2.37463e-06,4.10708e-07,0.000953772,9.76782e-05,0.000377855,0.000110654,2.03814e-05,1.064e-08,0.000210692,0.000133145,5.17935e-08,1.65421e-06,2.51778e-06,0.000100831,0.000422954,1.53871e-06,5.35012e-05,8.01381e-07,0.000335103,1.07988e-06,0.000570628,5.11105e-09,2.1881e-07,2.05692e-06,2.87354e-05,1.22481e-06,1.24858e-09,1.09409e-08,1.69771e-05,1.49349e-09,7.95305e-05,1.25133e-07,1.13433e-06,2.05127e-05,8.08793e-05,1.50375e-06,1.05476e-06,0.000393375,8.30748e-10,2.38008e-06,5.27364e-07,6.348e-09,1.01921e-06,4.61555e-06,0.000131556,8.08143e-06,1.92978e-05,8.17223e-08,1.08418e-10,1.49569e-06,7.29125e-08,4.75071e-08,2.68133e-08,1.20818e-09,3.27983e-09],
  [1.23007e-08,-0.0137157,6.52333e-06,0.00144878,4.57615e-06,0.0018302,0.00333228,0.000472472,6.53641e-06,2.15903e-05,6.73803e-05,0.000730024,0.00181131,1.11199e-05,3.01627e-05,7.42358e-06,3.03051e-06,4.49339e-09,2.49137e-05,0.00146061,7.05255e-06,1.74322e-05,0.000955668,1.03861e-06,0.000469711,1.05232e-05,1.3414e-05,1.28255e-05,0.000410392,3.58689e-05,6.20375e-06,6.53331e-08,4.91546e-06,2.5883e-08,7.57973e-09,1.02744e-05,1.50728e-05,1.06026e-05,2.75624e-06,7.33713e-05,8.08326e-06,1.23031e-05,6.90686e-09,9.5369e-06,2.32423e-05,3.66482e-09,1.21049e-05,2.29545e-08,5.27684e-06,1.18126e-05,2.49751e-08,3.30513e-06,3.10698e-05,1.44605e-06,1.85008e-05,6.46454e-05,1.5499e-05,3.82805e-07,7.73254e-05,4.00221e-06,6.11462e-07,5.5429e-06,4.24636e-07,5.54021e-09,7.34808e-06,5.30787e-08,8.1433e-06,4.30121e-05,1.16302e-05,2.57696e-06,3.20005e-09,4.98037e-06,2.32269e-07,9.01156e-09,4.06682e-07,9.71124e-07,1.23442e-06,1.53587e-07,3.37252e-08,1.10134e-06,7.17595e-07,3.39766e-08,1.71152e-06,2.24668e-13],
  [5.14801e-06,6.52333e-06,-0.0158107,3.25795e-07,0.00540383,4.11568e-07,7.49348e-07,1.06248e-07,2.17151e-07,3.49227e-07,1.51522e-08,1.64165e-07,4.07319e-07,1.79865e-07,4.87885e-07,1.01177e-05,4.90189e-08,1.88055e-06,9.32669e-06,3.28456e-07,2.34298e-07,4.68621e-05,2.14907e-07,0.00122647,1.05627e-07,3.49599e-07,0.000734887,0.000702648,9.22873e-08,0.00196509,0.000339874,2.73428e-05,1.633e-07,1.08324e-05,3.17223e-06,1.66189e-07,5.64264e-06,3.52238e-07,4.7708e-06,2.74673e-05,2.17298e-05,3.30738e-05,2.89062e-06,1.29979e-05,0.00127333,1.53378e-06,0.000663169,9.60678e-06,1.41855e-05,2.04466e-05,6.71392e-08,0.000181073,0.00170216,4.80404e-08,0.00101357,1.45372e-08,5.8022e-06,5.21728e-07,1.73886e-08,1.3296e-07,1.64376e-06,1.49007e-05,7.35006e-07,2.31866e-06,1.97535e-05,1.76336e-09,1.40953e-05,9.67237e-09,3.1265e-05,6.92751e-06,5.17613e-11,1.33885e-05,7.71636e-09,3.77147e-06,1.35107e-08,3.22624e-08,6.76279e-05,5.74967e-08,4.59643e-08,6.03374e-05,3.93136e-05,4.01219e-05,6.40726e-07,9.40267e-11],
  [2.79821e-08,0.00144878,3.25795e-07,-0.0543898,2.28547e-07,0.00592157,0.0107815,0.00152867,1.09419e-07,0.000121243,0.000218007,0.00236197,0.00586044,6.24451e-05,0.000169383,0.000282807,1.70182e-05,1.02218e-08,0.00207138,0.00472577,1.18059e-07,0.00048467,0.00309204,5.18716e-08,0.00151974,1.76158e-07,7.5594e-05,7.22778e-05,0.00132781,0.000202138,3.49611e-05,1.48623e-07,8.22844e-08,5.88798e-08,1.72427e-08,5.76971e-05,0.00125319,1.77487e-07,4.49837e-06,0.00610026,0.00022474,0.000342065,1.57121e-08,0.000363315,0.000130981,8.3369e-09,6.82167e-05,5.22179e-08,0.000146713,1.9279e-05,6.94385e-07,1.8626e-05,0.000175093,2.42068e-08,0.000104261,0.000209159,0.00128862,1.45832e-05,0.000250184,6.69967e-08,1.70005e-05,0.00015411,6.93035e-07,1.26031e-08,0.0002043,8.88533e-10,1.32904e-05,0.000139164,0.000323357,7.16475e-05,1.79703e-08,0.00013847,3.88816e-09,2.04999e-08,6.80782e-09,1.62565e-08,6.95653e-06,1.27696e-05,1.28478e-06,6.2066e-06,4.04399e-06,1.6969e-09,0.0001423,5.11084e-13],
  [3.61136e-06,4.57615e-06,0.00540383,2.28547e-07,-0.0127043,2.88717e-07,5.25672e-07,7.45332e-08,1.52332e-07,2.44984e-07,1.06293e-08,1.15163e-07,2.85737e-07,1.26176e-07,3.42254e-07,7.0976e-06,3.4387e-08,1.31922e-06,6.54273e-06,2.30414e-07,1.64361e-07,3.28741e-05,1.50758e-07,0.000860372,7.40976e-08,2.45246e-07,0.000515528,0.000492912,6.47401e-08,0.00137852,0.000238424,1.91812e-05,1.14556e-07,7.59899e-06,2.22534e-06,1.16583e-07,3.95835e-06,2.47097e-07,3.34674e-06,1.92684e-05,1.52436e-05,2.32015e-05,2.02779e-06,9.11811e-06,0.000893251,1.07596e-06,0.000465217,6.73921e-06,9.95117e-06,1.43434e-05,4.70985e-08,0.000127023,0.00119408,3.37006e-08,0.000711027,1.01979e-08,4.07027e-06,3.65995e-07,1.21982e-08,9.32724e-08,1.15311e-06,1.04529e-05,5.15611e-07,1.62655e-06,1.38572e-05,1.23701e-09,9.88792e-06,6.78522e-09,2.19326e-05,4.85969e-06,3.63108e-11,9.39208e-06,5.41307e-09,2.64571e-06,9.47781e-09,2.26322e-08,4.74413e-05,4.03343e-08,3.22442e-08,4.23271e-05,2.75787e-05,2.81457e-05,4.49473e-07,6.59602e-11],
  [3.5349e-08,0.0018302,4.11568e-07,0.00592157,2.88717e-07,-0.06715,0.0136199,0.00193113,1.38226e-07,0.000153163,0.000275402,0.00298381,0.00740333,7.8885e-05,0.000213976,0.000357262,2.14986e-05,1.29129e-08,0.00261672,0.00596993,1.49141e-07,0.00061227,0.00390608,6.55279e-08,0.00191984,2.22535e-07,9.54958e-05,9.13064e-05,0.00167739,0.000255355,4.41653e-05,1.87751e-07,1.03947e-07,7.43811e-08,2.17822e-08,7.28871e-05,0.00158311,2.24214e-07,5.68266e-06,0.00770628,0.000283907,0.000432121,1.98486e-08,0.000458965,0.000165465,1.05318e-08,8.61762e-05,6.59654e-08,0.000185338,2.43546e-05,8.77196e-07,2.35297e-05,0.00022119,3.05798e-08,0.00013171,0.000264224,0.00162788,1.84226e-05,0.000316051,8.4635e-08,2.14763e-05,0.000194683,8.75491e-07,1.59212e-08,0.000258086,1.12246e-09,1.67894e-05,0.000175802,0.000408488,9.05102e-05,2.27014e-08,0.000174925,4.91179e-09,2.58969e-08,8.60012e-09,2.05364e-08,8.78798e-06,1.61314e-05,1.62303e-06,7.84062e-06,5.10865e-06,2.14364e-09,0.000179764,6.45638e-13],
  [6.43606e-08,0.00333228,7.49348e-07,0.0107815,5.25672e-07,0.0136199,-0.111083,0.00351603,2.5167e-07,0.000278867,0.000501429,0.00543268,0.0134794,0.000143627,0.00038959,0.000650472,3.91429e-05,2.35107e-08,0.0047643,0.0108696,2.71543e-07,0.00111477,0.00711187,1.19308e-07,0.00349548,4.05173e-07,0.000173871,0.000166243,0.00305405,0.00046493,8.04125e-05,3.41841e-07,1.89259e-07,1.35427e-07,3.96593e-08,0.000132707,0.0028824,4.08231e-07,1.03465e-05,0.014031,0.000516915,0.00078677,3.61386e-08,0.000835646,0.000301264,1.91754e-08,0.000156902,1.20104e-07,0.000337447,4.43429e-05,1.59713e-06,4.28409e-05,0.000402724,5.56771e-08,0.000239806,0.000481077,0.00296391,3.35423e-05,0.000575439,1.54096e-07,3.91022e-05,0.000354462,1.59402e-06,2.89879e-08,0.000469901,2.04368e-09,3.05687e-05,0.000320086,0.00074374,0.000164793,4.13328e-08,0.000318488,8.94299e-09,4.7151e-08,1.56584e-08,3.7391e-08,1.60004e-05,2.93708e-05,2.95508e-06,1.42755e-05,9.30141e-06,3.90297e-09,0.000327298,1.17552e-12],
  [9.12546e-09,0.000472472,1.06248e-07,0.00152867,7.45332e-08,0.00193113,0.00351603,-0.0187676,3.56834e-08,3.95396e-05,7.10959e-05,0.000770281,0.00191119,2.03644e-05,5.52386e-05,9.22282e-05,5.54994e-06,3.3335e-09,0.000675514,0.00154116,3.85011e-08,0.000158059,0.00100837,1.69162e-08,0.000495612,5.74481e-08,2.46525e-05,2.3571e-05,0.000433023,6.59208e-05,1.14014e-05,4.84685e-08,2.68344e-08,1.92017e-08,5.62315e-09,1.8816e-05,0.000408686,5.78817e-08,1.467e-06,0.0019894,7.32916e-05,0.000111553,5.12397e-09,0.000118483,4.27152e-05,2.71881e-09,2.22467e-05,1.70292e-08,4.78455e-05,6.28723e-06,2.26451e-07,6.07426e-06,5.71008e-05,7.89427e-09,3.40013e-05,6.82103e-05,0.000420242,4.75584e-06,8.15895e-05,2.18488e-08,5.54417e-06,5.02579e-05,2.26011e-07,4.1101e-09,6.66256e-05,2.89766e-10,4.33423e-06,4.53839e-05,0.000105452,2.33655e-05,5.86044e-09,4.51574e-05,1.268e-09,6.68538e-09,2.22015e-09,5.30154e-09,2.26864e-06,4.16438e-06,4.1899e-07,2.02408e-06,1.31881e-06,5.53388e-10,4.64065e-05,1.66673e-13],
  [0.000129889,6.53641e-06,2.17151e-07,1.09419e-07,1.52332e-07,1.38226e-07,2.5167e-07,3.56834e-08,-0.00776881,1.16563e-07,5.08889e-09,5.5135e-08,1.36799e-07,6.00345e-08,1.62844e-07,0.000244922,1.63613e-08,4.7448e-05,9.34539e-06,1.10313e-07,0.000723647,1.21415e-06,7.21767e-08,3.45737e-08,3.54748e-08,0.00107976,3.97757e-08,3.80307e-08,3.09949e-08,1.0636e-07,1.83956e-08,0.000689885,0.000504365,0.000273311,8.00382e-05,5.54698e-08,5.65396e-06,0.00108791,0.000152333,2.75223e-05,5.62996e-07,8.56908e-07,7.2933e-05,0.000314645,6.89189e-08,3.86987e-05,3.58939e-08,0.000242388,3.6753e-07,0.000652865,1.7395e-09,9.80053e-09,9.21294e-08,0.000148376,5.48594e-08,4.88234e-09,5.81383e-06,1.26297e-05,5.83999e-09,0.000410658,4.25881e-08,3.86061e-07,2.3469e-05,5.85019e-05,5.11791e-07,5.44629e-06,0.000450067,3.24848e-09,8.10042e-07,1.79484e-07,1.72766e-11,3.46881e-07,2.38326e-05,9.51576e-05,4.17287e-05,9.96449e-05,3.66035e-09,5.7612e-08,1.11267e-06,3.26575e-09,2.12784e-09,1.13102e-09,6.4201e-07,2.37238e-09],
  [4.28291e-05,2.15903e-05,3.49227e-07,0.000121243,2.44984e-07,0.000153163,0.000278867,3.95396e-05,1.16563e-07,-0.0387569,5.63883e-06,6.10933e-05,0.000151582,0.00709103,0.0192345,0.000830284,0.00193253,1.56453e-05,3.08687e-05,0.000122234,1.25767e-07,2.85017e-05,7.99767e-05,5.56022e-08,3.93085e-05,1.87659e-07,1.44168e-06,1.37843e-06,3.43444e-05,3.85505e-06,6.66755e-07,0.00022748,8.76569e-08,9.01206e-05,2.63915e-05,0.00655187,1.86755e-05,1.89076e-07,3.49905e-07,9.09087e-05,1.32161e-05,2.01156e-05,2.40487e-05,0.00106665,2.49799e-06,1.27603e-05,1.30098e-06,7.9924e-05,8.62764e-06,1.49962e-06,4.08343e-08,3.55223e-07,3.33926e-06,2.57873e-08,1.9884e-06,5.40996e-06,1.92036e-05,4.28145e-05,6.4711e-06,7.13711e-08,9.99741e-07,9.06266e-06,5.39076e-08,1.92902e-05,1.20141e-05,9.46547e-10,1.03379e-06,3.59954e-06,1.90155e-05,4.21333e-06,2.04065e-06,8.14291e-06,4.14202e-09,3.13769e-05,7.25232e-09,1.73179e-08,1.3267e-07,1.90298e-07,3.77196e-06,1.18368e-07,7.71243e-08,1.81894e-09,2.12062e-06,7.82259e-10],
  [1.3014e-09,6.73803e-05,1.51522e-08,0.000218007,1.06293e-08,0.000275402,0.000501429,7.10959e-05,5.08889e-09,5.63883e-06,-0.00273744,0.000109851,0.000272559,2.90421e-06,7.8777e-06,1.31529e-05,7.91489e-07,4.75397e-10,9.63366e-05,0.000219788,5.49073e-09,2.25412e-05,0.000143806,2.41246e-09,7.06804e-05,8.1928e-09,3.51575e-06,3.36152e-06,6.17544e-05,9.4011e-06,1.62598e-06,6.91219e-09,3.82691e-09,2.7384e-09,8.0193e-10,2.68339e-06,5.82836e-05,8.25463e-09,2.09212e-07,0.000283713,1.04523e-05,1.59089e-05,7.30741e-10,1.68972e-05,6.09171e-06,3.87735e-10,3.17265e-06,2.42857e-09,6.82335e-06,8.96635e-07,3.22947e-08,8.66264e-07,8.14327e-06,1.12582e-09,4.849e-06,9.72762e-06,5.99316e-05,6.78241e-07,1.16357e-05,3.1159e-09,7.90667e-07,7.1674e-06,3.22319e-08,5.8615e-10,9.50163e-06,4.13242e-11,6.18115e-07,6.4723e-06,1.50388e-05,3.33221e-06,8.3577e-10,6.43999e-06,1.80832e-10,9.53416e-10,3.1662e-10,7.56064e-10,3.23536e-07,5.93891e-07,5.97532e-08,2.88659e-07,1.88079e-07,7.89199e-11,6.61814e-06,2.37697e-14],
  [1.40999e-08,0.000730024,1.64165e-07,0.00236197,1.15163e-07,0.00298381,0.00543268,0.000770281,5.5135e-08,6.10933e-05,0.000109851,-0.0285782,0.00295301,3.14654e-05,8.53501e-05,0.000142503,8.57531e-06,5.15064e-09,0.00104375,0.00238127,5.94887e-08,0.00024422,0.00155805,2.61376e-08,0.000765779,8.8764e-08,3.8091e-05,3.642e-05,0.000669071,0.000101855,1.76165e-05,7.48894e-08,4.14622e-08,2.96689e-08,8.68843e-09,2.90729e-05,0.000631467,8.94339e-08,2.26668e-06,0.00307386,0.000113244,0.000172363,7.91713e-09,0.000183071,6.6e-05,4.20087e-09,3.43737e-05,2.6312e-08,7.39269e-05,9.7145e-06,3.49893e-07,9.38544e-06,8.82274e-05,1.21976e-08,5.2536e-05,0.000105393,0.000649323,7.34833e-06,0.000126065,3.37589e-08,8.56639e-06,7.76544e-05,3.49213e-07,6.35058e-09,0.000102944,4.47722e-10,6.6969e-06,7.01235e-05,0.000162936,3.61024e-05,9.05506e-09,6.97734e-05,1.9592e-09,1.03297e-08,3.43039e-09,8.19149e-09,3.50532e-06,6.43445e-06,6.47389e-07,3.12744e-06,2.03772e-06,8.55049e-10,7.17035e-05,2.5753e-13],
  [3.49841e-08,0.00181131,4.07319e-07,0.00586044,2.85737e-07,0.00740333,0.0134794,0.00191119,1.36799e-07,0.000151582,0.000272559,0.00295301,-0.0665333,7.80707e-05,0.000211767,0.000353574,2.12767e-05,1.27796e-08,0.00258971,0.00590831,1.47601e-07,0.00060595,0.00386576,6.48515e-08,0.00190002,2.20238e-07,9.451e-05,9.03639e-05,0.00166007,0.000252719,4.37094e-05,1.85813e-07,1.02875e-07,7.36133e-08,2.15574e-08,7.21347e-05,0.00156677,2.219e-07,5.624e-06,0.00762673,0.000280977,0.00042766,1.96437e-08,0.000454228,0.000163757,1.0423e-08,8.52867e-05,6.52844e-08,0.000183425,2.41032e-05,8.68142e-07,2.32868e-05,0.000218907,3.02641e-08,0.00013035,0.000261497,0.00161108,1.82324e-05,0.000312788,8.37614e-08,2.12546e-05,0.000192673,8.66454e-07,1.57568e-08,0.000255422,1.11087e-09,1.66161e-05,0.000173988,0.000404271,8.9576e-05,2.24671e-08,0.000173119,4.86109e-09,2.56296e-08,8.51135e-09,2.03244e-08,8.69727e-06,1.59649e-05,1.60628e-06,7.75968e-06,5.05592e-06,2.12152e-09,0.000177908,6.38973e-13],
  [2.20586e-05,1.11199e-05,1.79865e-07,6.24451e-05,1.26176e-07,7.8885e-05,0.000143627,2.03644e-05,6.00345e-08,0.00709103,2.90421e-06,3.14654e-05,7.80707e-05,-0.0234002,0.00990649,0.000427628,0.000995327,8.05793e-06,1.58985e-05,6.29551e-05,6.47751e-08,1.46795e-05,4.11911e-05,2.86373e-08,2.02454e-05,9.66518e-08,7.42521e-07,7.09947e-07,1.76887e-05,1.9855e-06,3.43404e-07,0.000117161,4.51467e-08,4.64156e-05,1.35926e-05,0.00337447,9.61862e-06,9.73813e-08,1.80215e-07,4.68215e-05,6.80682e-06,1.03603e-05,1.2386e-05,0.000549364,1.28656e-06,6.57207e-06,6.70057e-07,4.11639e-05,4.44357e-06,7.7236e-07,2.10312e-08,1.82953e-07,1.71985e-06,1.32815e-08,1.0241e-06,2.78634e-06,9.8906e-06,2.20511e-05,3.33287e-06,3.67589e-08,5.14905e-07,4.66762e-06,2.77645e-08,9.93518e-06,6.18774e-06,4.87508e-10,5.32443e-07,1.8539e-06,9.7937e-06,2.17003e-06,1.05101e-06,4.19391e-06,2.1333e-09,1.61603e-05,3.73522e-09,8.91941e-09,6.83303e-08,9.80106e-08,1.94271e-06,6.09642e-08,3.9722e-08,9.36824e-10,1.0922e-06,4.02893e-10],
  [5.98342e-05,3.01627e-05,4.87885e-07,0.000169383,3.42254e-07,0.000213976,0.00038959,5.52386e-05,1.62844e-07,0.0192345,7.8777e-06,8.53501e-05,0.000211767,0.00990649,-0.0465082,0.00115994,0.00269983,2.18572e-05,4.31249e-05,0.000170766,1.75703e-07,3.98182e-05,0.000111731,7.76788e-08,5.49157e-05,2.62169e-07,2.01409e-06,1.92573e-06,4.79806e-05,5.38567e-06,9.31486e-07,0.0003178,1.22461e-07,0.000125902,3.68701e-05,0.00915326,2.60906e-05,2.64147e-07,4.88833e-07,0.000127004,1.84635e-05,2.81024e-05,3.3597e-05,0.00149015,3.4898e-06,1.78268e-05,1.81753e-06,0.000111657,1.20532e-05,2.09503e-06,5.70474e-08,4.96262e-07,4.66509e-06,3.60261e-08,2.77788e-06,7.55796e-06,2.68283e-05,5.98138e-05,9.04042e-06,9.97086e-08,1.39668e-06,1.26609e-05,7.53114e-08,2.69492e-05,1.67843e-05,1.32237e-09,1.44425e-06,5.02871e-06,2.65655e-05,5.88622e-06,2.85087e-06,1.1376e-05,5.78659e-09,4.38349e-05,1.01318e-08,2.41939e-08,1.85346e-07,2.65854e-07,5.2696e-06,1.65366e-07,1.07746e-07,2.54114e-09,2.9626e-06,1.09285e-09],
  [0.00032923,7.42358e-06,1.01177e-05,0.000282807,7.0976e-06,0.000357262,0.000650472,9.22282e-05,0.000244922,0.000830284,1.31529e-05,0.000142503,0.000353574,0.000427628,0.00115994,-0.0130631,0.000116542,0.000120267,1.06138e-05,0.000285117,0.000264262,8.71e-05,0.00018655,1.61089e-06,9.16891e-05,0.000394309,2.09823e-07,2.00618e-07,8.011e-05,5.61065e-07,9.70398e-08,0.00174865,0.000184184,0.000692764,0.000202873,0.000395114,6.42136e-06,0.000397285,5.80574e-05,3.12579e-05,4.03879e-05,6.14724e-05,0.000184864,0.000459167,3.63558e-07,9.80897e-05,1.89346e-07,0.000614382,2.63657e-05,0.000248821,1.24788e-07,5.16993e-08,4.85997e-07,5.41842e-05,2.89392e-07,1.2619e-05,6.60293e-06,1.84307e-05,1.50942e-05,0.000149965,3.05516e-06,2.76951e-05,8.94454e-06,0.000148285,3.67146e-05,1.98888e-06,0.00017153,8.39611e-06,5.81104e-05,1.28758e-05,1.23062e-07,2.48844e-05,8.7032e-06,0.000241196,1.52385e-05,3.63884e-05,1.93089e-08,6.54316e-08,1.62374e-06,1.72274e-08,1.12247e-08,5.26977e-08,7.29149e-07,6.01328e-09],
  [6.01167e-06,3.03051e-06,4.90189e-08,1.70182e-05,3.4387e-08,2.14986e-05,3.91429e-05,5.54994e-06,1.63613e-08,0.00193253,7.91489e-07,8.57531e-06,2.12767e-05,0.000995327,0.00269983,0.000116542,-0.00710135,2.19604e-06,4.33285e-06,1.71572e-05,1.76532e-08,4.00062e-06,1.12259e-05,7.80456e-09,5.5175e-06,2.63407e-08,2.0236e-07,1.93483e-07,4.82072e-06,5.4111e-07,9.35884e-08,3.193e-05,1.23039e-08,1.26497e-05,3.70442e-06,0.000919648,2.62137e-06,2.65394e-08,4.91141e-08,1.27603e-05,1.85507e-06,2.82351e-06,3.37557e-06,0.000149719,3.50628e-07,1.79109e-06,1.82612e-07,1.12185e-05,1.21101e-06,2.10492e-07,5.73167e-09,4.98605e-08,4.68712e-07,3.61962e-09,2.79099e-07,7.59364e-07,2.6955e-06,6.00962e-06,9.08311e-07,1.00179e-08,1.40328e-07,1.27207e-06,7.5667e-09,2.70765e-06,1.68635e-06,1.32861e-10,1.45107e-07,5.05246e-07,2.66909e-06,5.91401e-07,2.86434e-07,1.14297e-06,5.81391e-10,4.40419e-06,1.01797e-09,2.43082e-09,1.86222e-08,2.6711e-08,5.29448e-07,1.66146e-08,1.08255e-08,2.55314e-10,2.97659e-07,1.09801e-10],
  [6.55972e-05,4.49339e-09,1.88055e-06,1.02218e-08,1.31922e-06,1.29129e-08,2.35107e-08,3.3335e-09,4.7448e-05,1.56453e-05,4.75397e-10,5.15064e-09,1.27796e-08,8.05793e-06,2.18572e-05,0.000120267,2.19604e-06,-0.00194631,6.4244e-09,1.03053e-08,5.11946e-05,1.30317e-06,6.74266e-09,2.99412e-07,3.31401e-09,7.63883e-05,3.244e-07,3.10169e-07,2.8955e-09,8.67445e-07,1.5003e-07,0.000348409,3.56815e-05,0.000138029,4.04213e-05,7.44525e-06,3.88676e-09,7.69648e-05,4.86372e-05,1.892e-08,6.04275e-07,9.19737e-07,3.6833e-05,0.000154504,5.62086e-07,1.95438e-05,2.92742e-07,0.000122412,3.94477e-07,0.000208448,1.86705e-09,7.99306e-08,7.51384e-07,1.04969e-05,4.4742e-07,4.56102e-10,3.99666e-09,6.20167e-06,5.45565e-10,2.90522e-05,4.57107e-08,4.14367e-07,7.49322e-06,2.95449e-05,5.49316e-07,3.853e-07,0.000143698,3.03469e-10,8.69435e-07,1.92644e-07,2.3189e-09,3.72314e-07,1.68604e-06,4.8057e-05,2.95212e-06,7.04941e-06,2.98529e-08,3.96048e-11,5.46368e-07,2.66347e-08,1.73542e-08,9.7948e-09,4.41344e-10,1.19811e-09],
  [1.75868e-08,2.49137e-05,9.32669e-06,0.00207138,6.54273e-06,0.00261672,0.0047643,0.000675514,9.34539e-06,3.08687e-05,9.63366e-05,0.00104375,0.00258971,1.58985e-05,4.31249e-05,1.06138e-05,4.33285e-06,6.4244e-09,-0.0195992,0.0020883,1.00833e-05,2.49236e-05,0.00136636,1.48495e-06,0.000671566,1.50455e-05,1.91785e-05,1.83372e-05,0.000586756,5.12833e-05,8.86978e-06,9.34096e-08,7.02785e-06,3.7006e-08,1.08371e-08,1.46897e-05,2.15502e-05,1.51591e-05,3.94072e-06,0.000104902,1.1557e-05,1.75903e-05,9.87505e-09,1.36353e-05,3.32305e-05,5.23975e-09,1.73069e-05,3.2819e-08,7.54453e-06,1.68891e-05,3.5708e-08,4.7255e-06,4.44218e-05,2.06749e-06,2.64514e-05,9.24264e-05,2.21596e-05,5.47313e-07,0.000110556,5.72214e-06,8.74234e-07,7.92493e-06,6.07121e-07,7.92108e-09,1.05059e-05,7.5889e-08,1.16428e-05,6.14963e-05,1.66283e-05,3.68439e-06,4.57526e-09,7.12065e-06,3.32085e-07,1.28842e-08,5.81451e-07,1.38846e-06,1.7649e-06,2.1959e-07,4.82184e-08,1.57464e-06,1.02598e-06,4.85779e-08,2.44704e-06,3.21217e-13],
  [2.82107e-08,0.00146061,3.28456e-07,0.00472577,2.30414e-07,0.00596993,0.0108696,0.00154116,1.10313e-07,0.000122234,0.000219788,0.00238127,0.00590831,6.29551e-05,0.000170766,0.000285117,1.71572e-05,1.03053e-08,0.0020883,-0.0547954,1.19023e-07,0.000488629,0.0031173,5.22953e-08,0.00153215,1.77597e-07,7.62115e-05,7.28682e-05,0.00133866,0.000203789,3.52466e-05,1.49837e-07,8.29565e-08,5.93607e-08,1.73836e-08,5.81684e-05,0.00126342,1.78937e-07,4.53511e-06,0.00615009,0.000226575,0.000344859,1.58404e-08,0.000366282,0.000132051,8.40499e-09,6.87739e-05,5.26444e-08,0.000147911,1.94365e-05,7.00057e-07,1.87781e-05,0.000176523,2.44045e-08,0.000105113,0.000210867,0.00129915,1.47023e-05,0.000252228,6.75439e-08,1.71394e-05,0.000155369,6.98696e-07,1.27061e-08,0.000205968,8.9579e-10,1.3399e-05,0.000140301,0.000325998,7.22327e-05,1.81171e-08,0.000139601,3.91991e-09,2.06674e-08,6.86343e-09,1.63893e-08,7.01335e-06,1.28739e-05,1.29528e-06,6.2573e-06,4.07702e-06,1.71076e-09,0.000143462,5.15259e-13],
  [0.000140146,7.05255e-06,2.34298e-07,1.18059e-07,1.64361e-07,1.49141e-07,2.71543e-07,3.85011e-08,0.000723647,1.25767e-07,5.49073e-09,5.94887e-08,1.47601e-07,6.47751e-08,1.75703e-07,0.000264262,1.76532e-08,5.11946e-05,1.00833e-05,1.19023e-07,-0.00832512,1.31002e-06,7.78761e-08,3.73038e-08,3.82761e-08,0.00116503,4.29165e-08,4.10338e-08,3.34423e-08,1.14759e-07,1.98482e-08,0.000744361,0.000544191,0.000294893,8.63584e-05,5.98499e-08,6.10042e-06,0.00117382,0.000164362,2.96956e-05,6.07452e-07,9.24573e-07,7.86921e-05,0.000339491,7.43611e-08,4.17545e-05,3.87282e-08,0.000261528,3.96551e-07,0.000704418,1.87686e-09,1.05744e-08,9.94043e-08,0.000160093,5.91914e-08,5.26787e-09,6.27292e-06,1.36269e-05,6.30114e-09,0.000443086,4.5951e-08,4.16546e-07,2.53222e-05,6.31214e-05,5.52204e-07,5.87635e-06,0.000485606,3.505e-09,8.74006e-07,1.93657e-07,1.86409e-11,3.74272e-07,2.57145e-05,0.000102672,4.50238e-05,0.000107513,3.94938e-09,6.21613e-08,1.20054e-06,3.52363e-09,2.29587e-09,1.22034e-09,6.92706e-07,2.55971e-09],
  [3.56743e-06,1.74322e-05,4.68621e-05,0.00048467,3.28741e-05,0.00061227,0.00111477,0.000158059,1.21415e-06,2.85017e-05,2.25412e-05,0.00024422,0.00060595,1.46795e-05,3.98182e-05,8.71e-05,4.00062e-06,1.30317e-06,2.49236e-05,0.000488629,1.31002e-06,-0.00504274,0.000319706,7.46117e-06,0.000157136,1.9547e-06,2.42459e-08,2.31822e-08,0.000137291,6.48333e-08,1.12133e-08,1.89479e-05,9.13054e-07,7.50656e-06,2.19827e-06,1.35633e-05,1.50788e-05,1.96946e-06,2.20484e-06,7.34005e-05,2.8483e-06,4.33525e-06,2.00312e-06,0.000111895,4.20106e-08,1.06287e-06,2.18797e-08,6.65724e-06,1.8594e-06,9.44945e-06,8.80048e-09,5.97406e-09,5.61589e-08,2.68607e-07,3.34404e-08,2.16263e-05,1.55052e-05,4.4914e-06,2.58682e-05,7.43417e-07,2.15461e-07,1.95315e-06,3.39685e-07,1.60677e-06,2.58925e-06,9.85945e-09,6.51418e-06,1.43891e-05,4.09815e-06,9.08044e-07,4.22444e-09,1.75493e-06,4.31442e-08,2.61353e-06,7.55418e-08,1.80388e-07,2.23122e-09,1.53648e-07,3.95693e-07,1.99069e-09,1.29706e-09,2.44081e-07,1.71221e-06,6.5158e-11],
  [1.84581e-08,0.000955668,2.14907e-07,0.00309204,1.50758e-07,0.00390608,0.00711187,0.00100837,7.21767e-08,7.99767e-05,0.000143806,0.00155805,0.00386576,4.11911e-05,0.000111731,0.00018655,1.12259e-05,6.74266e-09,0.00136636,0.0031173,7.78761e-08,0.000319706,-0.0369299,3.42164e-08,0.00100247,1.162e-07,4.98646e-05,4.76771e-05,0.000875875,0.000133338,2.30616e-05,9.8037e-08,5.42778e-08,3.88393e-08,1.13739e-08,3.80591e-05,0.000826648,1.17077e-07,2.96729e-06,0.00402396,0.000148247,0.000225639,1.03642e-08,0.000239656,8.64e-05,5.49932e-09,4.49983e-05,3.44448e-08,9.6777e-05,1.27172e-05,4.58042e-07,1.22864e-05,0.000115498,1.59677e-08,6.87743e-05,0.000137969,0.000850022,9.61963e-06,0.000165031,4.41935e-08,1.12142e-05,0.000101657,4.57152e-07,8.31349e-09,0.000134764,5.86109e-10,8.76684e-06,9.1798e-05,0.000213298,4.72613e-05,1.18539e-08,9.13397e-05,2.56477e-09,1.35225e-08,4.49069e-09,1.07234e-08,4.58878e-06,8.42328e-06,8.47491e-07,4.0941e-06,2.66756e-06,1.11934e-09,9.38664e-05,3.3713e-13],
  [8.19642e-07,1.03861e-06,0.00122647,5.18716e-08,0.000860372,6.55279e-08,1.19308e-07,1.69162e-08,3.45737e-08,5.56022e-08,2.41246e-09,2.61376e-08,6.48515e-08,2.86373e-08,7.76788e-08,1.61089e-06,7.80456e-09,2.99412e-07,1.48495e-06,5.22953e-08,3.73038e-08,7.46117e-06,3.42164e-08,-0.0035485,1.68174e-08,5.56616e-08,0.000117005,0.000111872,1.46936e-08,0.000312872,5.41132e-05,4.3534e-06,2.59999e-08,1.72468e-06,5.05067e-07,2.64599e-08,8.98396e-07,5.60816e-08,7.59584e-07,4.37321e-06,3.45972e-06,5.26586e-06,4.60232e-07,2.06947e-06,0.000202734,2.44201e-07,0.000105587,1.52955e-06,2.25854e-06,3.25541e-06,1.06896e-08,2.88295e-05,0.000271011,7.64877e-09,0.000161376,2.31454e-09,9.23799e-07,8.30671e-08,2.76853e-09,2.11693e-08,2.61712e-07,2.37242e-06,1.17024e-07,3.69166e-07,3.14505e-06,2.80755e-10,2.24419e-06,1.53999e-09,4.97787e-06,1.10297e-06,8.24119e-12,2.13165e-06,1.22856e-09,6.00476e-07,2.15111e-09,5.13667e-09,1.07674e-05,9.15436e-09,7.31822e-09,9.60665e-06,6.25933e-06,6.38802e-06,1.02013e-07,1.49705e-11],
  [9.07212e-09,0.000469711,1.05627e-07,0.00151974,7.40976e-08,0.00191984,0.00349548,0.000495612,3.54748e-08,3.93085e-05,7.06804e-05,0.000765779,0.00190002,2.02454e-05,5.49157e-05,9.16891e-05,5.5175e-06,3.31401e-09,0.000671566,0.00153215,3.82761e-08,0.000157136,0.00100247,1.68174e-08,-0.0186608,5.71123e-08,2.45084e-05,2.34333e-05,0.000430492,6.55355e-05,1.13348e-05,4.81852e-08,2.66775e-08,1.90895e-08,5.59029e-09,1.8706e-05,0.000406297,5.75433e-08,1.45842e-06,0.00197777,7.28632e-05,0.000110901,5.09402e-09,0.000117791,4.24656e-05,2.70292e-09,2.21166e-05,1.69296e-08,4.75659e-05,6.25048e-06,2.25127e-07,6.03876e-06,5.67671e-05,7.84813e-09,3.38026e-05,6.78116e-05,0.000417786,4.72805e-06,8.11126e-05,2.17211e-08,5.51177e-06,4.99642e-05,2.2469e-07,4.08608e-09,6.62362e-05,2.88072e-10,4.3089e-06,4.51187e-05,0.000104836,2.32289e-05,5.82619e-09,4.48934e-05,1.26058e-09,6.6463e-09,2.20717e-09,5.27055e-09,2.25538e-06,4.14004e-06,4.16542e-07,2.01225e-06,1.31111e-06,5.50154e-10,4.61353e-05,1.65699e-13],
  [0.000209113,1.05232e-05,3.49599e-07,1.76158e-07,2.45246e-07,2.22535e-07,4.05173e-07,5.74481e-08,0.00107976,1.87659e-07,8.1928e-09,8.8764e-08,2.20238e-07,9.66518e-08,2.62169e-07,0.000394309,2.63407e-08,7.63883e-05,1.50455e-05,1.77597e-07,0.00116503,1.9547e-06,1.162e-07,5.56616e-08,5.71123e-08,-0.0118487,6.40364e-08,6.12271e-08,4.98998e-08,1.71233e-07,2.96158e-08,0.00111067,0.000811996,0.000440014,0.000128857,8.9303e-08,9.10253e-06,0.00175147,0.000245247,4.43093e-05,9.06389e-07,1.37957e-06,0.000117418,0.000506559,1.10955e-07,6.23025e-05,5.7787e-08,0.00039023,5.917e-07,0.00105107,2.8005e-09,1.57782e-08,1.48323e-07,0.000238877,8.83203e-08,7.86027e-09,9.35991e-06,2.0333e-05,9.40203e-09,0.000661135,6.85642e-08,6.21535e-07,3.77836e-05,9.41844e-05,8.23952e-07,8.76819e-06,0.00072458,5.22986e-09,1.30412e-06,2.88959e-07,2.78143e-11,5.58457e-07,3.8369e-05,0.000153198,6.71807e-05,0.000160422,5.89293e-09,9.27518e-08,1.79134e-06,5.25766e-09,3.4257e-09,1.82088e-09,1.0336e-06,3.81938e-09],
  [8.88047e-07,1.3414e-05,0.000734887,7.5594e-05,0.000515528,9.54958e-05,0.000173871,2.46525e-05,3.97757e-08,1.44168e-06,3.51575e-06,3.8091e-05,9.451e-05,7.42521e-07,2.01409e-06,2.09823e-07,2.0236e-07,3.244e-07,1.91785e-05,7.62115e-05,4.29165e-08,2.42459e-08,4.98646e-05,0.000117005,2.45084e-05,6.40364e-08,-0.0027386,4.70799e-05,2.14134e-05,0.000131668,2.27728e-05,4.71672e-06,2.99118e-08,1.86862e-06,5.47219e-07,6.86064e-07,1.1603e-05,6.45196e-08,1.37772e-06,5.64811e-05,1.12427e-08,1.7112e-08,4.98641e-07,2.69554e-07,8.53178e-05,2.64581e-07,4.44347e-05,1.6572e-06,7.33937e-09,5.90461e-06,3.4737e-11,1.21325e-05,0.000114051,8.7996e-09,6.79129e-05,3.37305e-06,1.19311e-05,1.08197e-08,4.03467e-06,2.43545e-08,8.50461e-10,7.70943e-09,2.12257e-07,3.99975e-07,1.02202e-08,3.22997e-10,4.07047e-06,2.24427e-06,1.61761e-08,3.5842e-09,2.13681e-10,6.92702e-09,1.41341e-09,6.50589e-07,2.47476e-09,5.90953e-09,4.53131e-06,1.18231e-07,9.5322e-10,4.04282e-06,2.63415e-06,3.82765e-06,1.31753e-06,1.62199e-11],
  [8.49089e-07,1.28255e-05,0.000702648,7.22778e-05,0.000492912,9.13064e-05,0.000166243,2.3571e-05,3.80307e-08,1.37843e-06,3.36152e-06,3.642e-05,9.03639e-05,7.09947e-07,1.92573e-06,2.00618e-07,1.93483e-07,3.10169e-07,1.83372e-05,7.28682e-05,4.10338e-08,2.31822e-08,4.76771e-05,0.000111872,2.34333e-05,6.12271e-08,4.70799e-05,-0.00262052,2.0474e-05,0.000125892,2.17737e-05,4.5098e-06,2.85996e-08,1.78665e-06,5.23213e-07,6.55967e-07,1.1094e-05,6.16892e-08,1.31728e-06,5.40033e-05,1.07495e-08,1.63613e-08,4.76766e-07,2.57729e-07,8.1575e-05,2.52975e-07,4.24853e-05,1.5845e-06,7.0174e-09,5.64558e-06,3.32131e-11,1.16003e-05,0.000109048,8.41357e-09,6.49336e-05,3.22508e-06,1.14077e-05,1.03451e-08,3.85767e-06,2.3286e-08,8.13152e-10,7.37122e-09,2.02945e-07,3.82429e-07,9.77184e-09,3.08827e-10,3.8919e-06,2.14582e-06,1.54665e-08,3.42697e-09,2.04307e-10,6.62313e-09,1.35141e-09,6.22048e-07,2.36619e-09,5.65028e-09,4.33252e-06,1.13044e-07,9.11403e-10,3.86547e-06,2.51859e-06,3.65973e-06,1.25973e-06,1.55083e-11],
  [7.92644e-09,0.000410392,9.22873e-08,0.00132781,6.47401e-08,0.00167739,0.00305405,0.000433023,3.09949e-08,3.43444e-05,6.17544e-05,0.000669071,0.00166007,1.76887e-05,4.79806e-05,8.011e-05,4.82072e-06,2.8955e-09,0.000586756,0.00133866,3.34423e-08,0.000137291,0.000875875,1.46936e-08,0.000430492,4.98998e-08,2.14134e-05,2.0474e-05,-0.0163586,5.72592e-05,9.90335e-06,4.21e-08,2.33085e-08,1.66787e-08,4.88431e-09,1.63437e-05,0.000354987,5.02764e-08,1.27424e-06,0.00172801,6.36615e-05,9.6896e-05,4.45072e-09,0.000102915,3.71027e-05,2.36157e-09,1.93236e-05,1.47916e-08,4.15589e-05,5.46113e-06,1.96697e-07,5.27615e-06,4.95982e-05,6.85701e-09,2.95338e-05,5.92479e-05,0.000365025,4.13096e-06,7.08692e-05,1.8978e-08,4.81571e-06,4.36544e-05,1.96315e-07,3.57006e-09,5.78715e-05,2.51693e-10,3.76474e-06,3.94208e-05,9.15966e-05,2.02954e-05,5.09042e-09,3.9224e-05,1.10139e-09,5.80696e-09,1.92844e-09,4.60495e-09,1.97056e-06,3.61721e-06,3.63938e-07,1.75813e-06,1.14553e-06,4.80677e-10,4.0309e-05,1.44774e-13],
  [2.37463e-06,3.58689e-05,0.00196509,0.000202138,0.00137852,0.000255355,0.00046493,6.59208e-05,1.0636e-07,3.85505e-06,9.4011e-06,0.000101855,0.000252719,1.9855e-06,5.38567e-06,5.61065e-07,5.4111e-07,8.67445e-07,5.12833e-05,0.000203789,1.14759e-07,6.48333e-08,0.000133338,0.000312872,6.55355e-05,1.71233e-07,0.000131668,0.000125892,5.72592e-05,-0.00710259,6.08943e-05,1.26125e-05,7.9984e-08,4.99668e-06,1.46326e-06,1.83453e-06,3.10264e-05,1.72525e-07,3.68402e-06,0.00015103,3.0063e-08,4.57573e-08,1.33336e-06,7.20786e-07,0.000228139,7.0749e-07,0.000118818,4.43134e-06,1.96254e-08,1.57889e-05,9.28865e-11,3.24423e-05,0.000304972,2.35301e-08,0.000181599,9.01953e-06,3.19037e-05,2.89319e-08,1.07887e-05,6.51237e-08,2.27413e-09,2.0615e-08,5.67573e-07,1.06953e-06,2.73287e-08,8.63692e-10,1.08844e-05,6.00118e-06,4.32548e-08,9.58414e-09,5.71383e-10,1.85228e-08,3.77946e-09,1.73967e-06,6.6175e-09,1.5802e-08,1.21167e-05,3.16149e-07,2.5489e-09,1.08105e-05,7.04371e-06,1.02351e-05,3.52307e-06,4.33719e-11],
  [4.10708e-07,6.20375e-06,0.000339874,3.49611e-05,0.000238424,4.41653e-05,8.04125e-05,1.14014e-05,1.83956e-08,6.66755e-07,1.62598e-06,1.76165e-05,4.37094e-05,3.43404e-07,9.31486e-07,9.70398e-08,9.35884e-08,1.5003e-07,8.86978e-06,3.52466e-05,1.98482e-08,1.12133e-08,2.30616e-05,5.41132e-05,1.13348e-05,2.96158e-08,2.27728e-05,2.17737e-05,9.90335e-06,6.08943e-05,-0.0012788,2.18141e-06,1.38337e-08,8.64208e-07,2.5308e-07,3.17294e-07,5.36621e-06,2.98393e-08,6.37175e-07,2.61217e-05,5.19958e-09,7.91403e-09,2.30614e-07,1.24665e-07,3.94582e-05,1.22365e-07,2.05503e-05,7.66429e-07,3.39434e-09,2.73079e-06,1.60653e-11,5.6111e-06,5.27469e-05,4.06968e-09,3.14087e-05,1.55999e-06,5.51795e-06,5.00396e-09,1.86597e-06,1.12636e-08,3.93325e-10,3.56549e-09,9.81654e-08,1.84982e-07,4.72668e-09,1.49381e-10,1.88253e-06,1.03794e-06,7.4812e-09,1.65764e-09,9.88244e-11,3.20364e-09,6.53681e-10,3.00888e-07,1.14454e-09,2.73306e-09,2.09566e-06,5.468e-08,4.40849e-10,1.86974e-06,1.21825e-06,1.77023e-06,6.09337e-07,7.50144e-12],
  [0.000953772,6.53331e-08,2.73428e-05,1.48623e-07,1.91812e-05,1.87751e-07,3.41841e-07,4.84685e-08,0.000689885,0.00022748,6.91219e-09,7.48894e-08,1.85813e-07,0.000117161,0.0003178,0.00174865,3.193e-05,0.000348409,9.34096e-08,1.49837e-07,0.000744361,1.89479e-05,9.8037e-08,4.3534e-06,4.81852e-08,0.00111067,4.71672e-06,4.5098e-06,4.21e-08,1.26125e-05,2.18141e-06,-0.0235817,0.000518802,0.00200692,0.000587719,0.000108253,5.65128e-08,0.00111905,0.000707176,2.75093e-07,8.78605e-06,1.33728e-05,0.000535546,0.00224645,8.17262e-06,0.000284163,4.25641e-06,0.00177985,5.73563e-06,0.0030308,2.71465e-08,1.16218e-06,1.0925e-05,0.000152624,6.5054e-06,6.63164e-09,5.81108e-08,9.01712e-05,7.93241e-09,0.000422413,6.64625e-07,6.02483e-06,0.00010895,0.000429578,7.98695e-06,5.60219e-06,0.00208935,4.41238e-09,1.26414e-05,2.80101e-06,3.37164e-08,5.41338e-06,2.45148e-05,0.00069874,4.29232e-05,0.000102497,4.34055e-07,5.75847e-10,7.9441e-06,3.87263e-07,2.52326e-07,1.42415e-07,6.41706e-09,1.74203e-08],
  [9.76782e-05,4.91546e-06,1.633e-07,8.22844e-08,1.14556e-07,1.03947e-07,1.89259e-07,2.68344e-08,0.000504365,8.76569e-08,3.82691e-09,4.14622e-08,1.02875e-07,4.51467e-08,1.22461e-07,0.000184184,1.23039e-08,3.56815e-05,7.02785e-06,8.29565e-08,0.000544191,9.13054e-07,5.42778e-08,2.59999e-08,2.66775e-08,0.000811996,2.99118e-08,2.85996e-08,2.33085e-08,7.9984e-08,1.38337e-08,0.000518802,-0.00596732,0.000205534,6.01897e-05,4.1714e-08,4.25185e-06,0.000818124,0.000114556,2.06971e-05,4.2338e-07,6.44405e-07,5.48466e-05,0.000236617,5.18279e-08,2.91019e-05,2.69927e-08,0.000182279,2.76387e-07,0.000490963,1.30813e-09,7.37012e-09,6.92825e-08,0.000111581,4.1255e-08,3.67158e-09,4.37208e-06,9.49766e-06,4.39175e-09,0.00030882,3.20268e-08,2.90323e-07,1.7649e-05,4.39941e-05,3.84873e-07,4.09568e-06,0.000338456,2.4429e-09,6.09162e-07,1.34974e-07,1.29922e-11,2.60859e-07,1.79224e-05,7.15597e-05,3.13805e-05,7.49342e-05,2.75263e-09,4.3325e-08,8.36745e-07,2.45589e-09,1.60016e-09,8.50545e-10,4.828e-07,1.78406e-09],
  [0.000377855,2.5883e-08,1.08324e-05,5.88798e-08,7.59899e-06,7.43811e-08,1.35427e-07,1.92017e-08,0.000273311,9.01206e-05,2.7384e-09,2.96689e-08,7.36133e-08,4.64156e-05,0.000125902,0.000692764,1.26497e-05,0.000138029,3.7006e-08,5.93607e-08,0.000294893,7.50656e-06,3.88393e-08,1.72468e-06,1.90895e-08,0.000440014,1.86862e-06,1.78665e-06,1.66787e-08,4.99668e-06,8.64208e-07,0.00200692,0.000205534,-0.0105542,0.000232836,4.28864e-05,2.23886e-08,0.000443335,0.000280162,1.08983e-07,3.48076e-06,5.2979e-06,0.000212167,0.000889976,3.23774e-06,0.000112577,1.68626e-06,0.000705121,2.27228e-06,0.00120071,1.07546e-08,4.60419e-07,4.32815e-06,6.04649e-05,2.57724e-06,2.62725e-09,2.30217e-08,3.57231e-05,3.14258e-09,0.000167347,2.63304e-07,2.38685e-06,4.31627e-05,0.000170186,3.16419e-06,2.21942e-06,0.000827736,1.74805e-09,5.00815e-06,1.10968e-06,1.33574e-08,2.14462e-06,9.712e-06,0.000276819,1.70049e-05,4.06063e-05,1.71959e-07,2.28133e-10,3.14721e-06,1.53422e-07,9.99639e-08,5.64203e-08,2.54224e-09,6.9014e-09],
  [0.000110654,7.57973e-09,3.17223e-06,1.72427e-08,2.22534e-06,2.17822e-08,3.96593e-08,5.62315e-09,8.00382e-05,2.63915e-05,8.0193e-10,8.68843e-09,2.15574e-08,1.35926e-05,3.68701e-05,0.000202873,3.70442e-06,4.04213e-05,1.08371e-08,1.73836e-08,8.63584e-05,2.19827e-06,1.13739e-08,5.05067e-07,5.59029e-09,0.000128857,5.47219e-07,5.23213e-07,4.88431e-09,1.46326e-06,2.5308e-07,0.000587719,6.01897e-05,0.000232836,-0.0032554,1.25591e-05,6.55643e-09,0.000129829,8.20443e-05,3.19154e-08,1.01933e-06,1.55147e-06,6.21323e-05,0.000260626,9.48161e-07,3.29677e-05,4.93815e-07,0.000206492,6.65429e-07,0.000351624,3.14945e-09,1.34832e-07,1.26748e-06,1.77069e-05,7.54736e-07,7.69381e-10,6.74182e-09,1.04614e-05,9.20293e-10,4.9007e-05,7.71076e-08,6.98981e-07,1.264e-05,4.98382e-05,9.26621e-07,6.49948e-07,0.000242399,5.11911e-10,1.46662e-06,3.24964e-07,3.91167e-09,6.28043e-07,2.84412e-06,8.10655e-05,4.97981e-06,1.18914e-05,5.03577e-08,6.68079e-11,9.21648e-07,4.4929e-08,2.92741e-08,1.65225e-08,7.44486e-10,2.02105e-09],
  [2.03814e-05,1.02744e-05,1.66189e-07,5.76971e-05,1.16583e-07,7.28871e-05,0.000132707,1.8816e-05,5.54698e-08,0.00655187,2.68339e-06,2.90729e-05,7.21347e-05,0.00337447,0.00915326,0.000395114,0.000919648,7.44525e-06,1.46897e-05,5.81684e-05,5.98499e-08,1.35633e-05,3.80591e-05,2.64599e-08,1.8706e-05,8.9303e-08,6.86064e-07,6.55967e-07,1.63437e-05,1.83453e-06,3.17294e-07,0.000108253,4.1714e-08,4.28864e-05,1.25591e-05,-0.0218775,8.88727e-06,8.9977e-08,1.66512e-07,4.32615e-05,6.28927e-06,9.57258e-06,1.14442e-05,0.000507593,1.18874e-06,6.07237e-06,6.1911e-07,3.80341e-05,4.1057e-06,7.13634e-07,1.94321e-08,1.69043e-07,1.58908e-06,1.22716e-08,9.46234e-07,2.57448e-06,9.13857e-06,2.03745e-05,3.07946e-06,3.39639e-08,4.75755e-07,4.31272e-06,2.56534e-08,9.17977e-06,5.71726e-06,4.50441e-10,4.91959e-07,1.71294e-06,9.04905e-06,2.00503e-06,9.71099e-07,3.87503e-06,1.9711e-09,1.49316e-05,3.45122e-09,8.24123e-09,6.31349e-08,9.05585e-08,1.79499e-06,5.63288e-08,3.67017e-08,8.65593e-10,1.00916e-06,3.7226e-10],
  [1.064e-08,1.50728e-05,5.64264e-06,0.00125319,3.95835e-06,0.00158311,0.0028824,0.000408686,5.65396e-06,1.86755e-05,5.82836e-05,0.000631467,0.00156677,9.61862e-06,2.60906e-05,6.42136e-06,2.62137e-06,3.88676e-09,2.15502e-05,0.00126342,6.10042e-06,1.50788e-05,0.000826648,8.98396e-07,0.000406297,9.10253e-06,1.1603e-05,1.1094e-05,0.000354987,3.10264e-05,5.36621e-06,5.65128e-08,4.25185e-06,2.23886e-08,6.55643e-09,8.88727e-06,-0.011866,9.17122e-06,2.38413e-06,6.34658e-05,6.99198e-06,1.06421e-05,5.9744e-09,8.24937e-06,2.01044e-05,3.17005e-09,1.04707e-05,1.98555e-08,4.56444e-06,1.02179e-05,2.16033e-08,2.85892e-06,2.68752e-05,1.25083e-06,1.60031e-05,5.5918e-05,1.34066e-05,3.31124e-07,6.68861e-05,3.46189e-06,5.28911e-07,4.79458e-06,3.67308e-07,4.79225e-09,6.35605e-06,4.59128e-08,7.04391e-06,3.72052e-05,1.00601e-05,2.22906e-06,2.76803e-09,4.30799e-06,2.00911e-07,7.79495e-09,3.51778e-07,8.40017e-07,1.06776e-06,1.32852e-07,2.91721e-08,9.52657e-07,6.20716e-07,2.93896e-08,1.48046e-06,1.94336e-13],
