// This file is auto-generated by TongueTwisterReader. Do not edit

AlignmentCutoff = 0.95;

StatClass[][] TransitionStats = [
  [new(0.00555409,0.00883201,0.0139771),new(5.74269e-05,0.000253607,0.00065556),new(6.18623e-06,0.000197924,0.000715081),new(0.000116996,0.00433365,0.0151673),new(5.23294e-05,0.000765473,0.00299891),new(0.00379435,0.00685976,0.0113537),new(0.00144517,0.0054892,0.0107092),new(0.0235751,0.0414213,0.0645122),new(4.5594e-05,0.00179898,0.00684616),new(2.84217e-05,0.000283208,0.000984607)],
  [null,new(0.0261094,0.0351689,0.0489236),new(1.14292e-05,0.000384834,0.000474178),new(0.0701975,0.118363,0.170033),new(5.52219e-05,0.00487048,0.0211723),new(5.92788e-05,0.000471615,0.00116497),new(0.00306232,0.00727384,0.0132813),new(0.000106562,0.00144333,0.00500725),new(0.0484082,0.100684,0.151494),new(3.73636e-05,0.000322722,0.000896495)],
  [null,null,new(0.0104314,0.0203703,0.0324654),new(0.000174309,0.0052573,0.0205633),new(0.0321673,0.0626939,0.0971628),new(5.15079e-05,0.000455037,0.00157833),new(1.37957e-05,0.000719999,0.00311652),new(0.000154632,0.00277179,0.00974468),new(8.69382e-05,0.00192985,0.00699936),new(3.38608e-05,0.000231022,0.000898907)],
  [null,null,null,new(0.000251255,0.0153139,0.0641156),new(0.000432231,0.0119097,0.042415),new(0.000277933,0.00808753,0.0308404),new(0.000944252,0.0174164,0.0559199),new(0.000187549,0.0126651,0.0470025),new(0.000878307,0.0201106,0.0728844),new(0.000182407,0.00863854,0.0306299)],
  [null,null,null,null,new(0.0117755,0.0667448,0.141594),new(0.000123859,0.00143908,0.0054338),new(1.26092e-05,0.00312895,0.0122888),new(0.00040546,0.0067493,0.0227575),new(3.53917e-05,0.0104873,0.035719),new(6.19722e-05,0.00101024,0.0042291)],
  [null,null,null,null,null,new(0.0128641,0.028296,0.0505224),new(0.0138379,0.0260283,0.0429247),new(0.0797452,0.132153,0.194045),new(6.76189e-05,0.00279952,0.0111675),new(0.000818596,0.00234359,0.00478543)],
  [null,null,null,null,null,null,new(0.00039603,0.0118425,0.0399376),new(0.00157569,0.0255003,0.0616066),new(6.03204e-05,0.0105322,0.0381612),new(0.00783401,0.0147858,0.0237015)],
  [null,null,null,null,null,null,null,new(0.000291208,0.0213161,0.0727659),new(0.000235272,0.010098,0.0353704),new(9.79444e-05,0.00306713,0.0108801)],
  [null,null,null,null,null,null,null,null,new(0.000642525,0.0187576,0.0700842),new(9.4136e-05,0.00274366,0.00903538)],
  [null,null,null,null,null,null,null,null,null,new(0.04961,0.0723881,0.102566)]
];

AverageRates = [
  [-0.00858774,2.66633e-05,3.57487e-05,2.64374e-05,2.98119e-05,2.17301e-05,2.33217e-05,1.59242e-05,7.48937e-06,9.02178e-06,8.92042e-06,5.22806e-05,0.00118653,5.68743e-07,3.64513e-06,0.000269324,0.000287614,1.28335e-05,0.000740043,0.000186453,0.000337445,1.52696e-05,3.59102e-05,1.69076e-05,8.11384e-06,0.000108832,1.45148e-05,3.31319e-05,0.000664989,2.89489e-05,0.000218092,8.475e-06,1.82622e-05,0.00012983,1.14575e-05,0.00109387,2.78141e-05,1.91204e-06,0.000448731,0.000190687,8.45924e-06,1.51838e-05,1.42241e-05,0.000377421,2.97711e-05,2.02506e-07,2.5028e-06,4.74893e-07,0.000401534,6.66342e-05,9.98272e-05,1.54599e-06,4.43149e-05,0.000518341,5.15472e-06,9.58709e-06,1.0963e-05,2.30871e-06,2.69167e-05,1.61193e-06,1.99179e-08,5.31977e-07,8.2605e-05,0.000123843,0.000114615,9.89563e-05,1.22858e-05,0.000143863,1.62695e-06,5.06151e-06,1.1217e-06,6.44912e-06,1.53137e-06,1.37566e-07,4.81934e-07,7.93276e-09,8.62588e-09,4.26376e-08,1.39612e-08],
  [2.66633e-05,-0.0549696,0.000104401,0.00550665,8.7063e-05,0.00452615,0.000956736,0.00331685,0.00155996,2.63473e-05,0.00185803,0.0108895,5.11741e-05,2.33317e-05,3.48357e-05,2.78114e-05,0.000572444,0.000122646,3.87318e-05,8.04155e-06,1.45537e-05,0.00128361,0.00747973,2.89385e-05,1.38873e-05,1.12384e-05,0.00122015,5.67073e-05,2.86804e-05,4.95479e-05,2.2521e-05,0.00176526,3.12569e-05,1.34067e-05,0.00096315,4.71774e-05,5.53591e-05,0.000398258,4.63377e-05,9.98005e-06,8.0843e-05,0.000145108,0.00296273,1.62778e-05,0.00250264,8.30747e-06,0.000521307,1.94817e-05,0.000799182,6.8809e-06,1.03085e-05,0.000322013,1.91126e-06,2.71285e-05,4.92624e-05,9.16216e-05,0.00044974,0.000480879,0.00226269,6.61269e-05,3.40908e-08,2.18235e-05,3.56268e-06,1.27885e-05,1.18355e-05,1.02186e-05,0.000504005,6.20468e-06,6.6743e-05,4.83717e-05,4.60159e-05,6.16327e-05,6.28221e-05,1.15642e-05,4.97664e-08,7.58115e-08,8.24355e-08,1.24519e-07,1.33424e-07],
  [3.57487e-05,0.000104401,-0.0269614,0.000103517,0.00791709,8.50848e-05,7.30042e-05,6.23518e-05,2.93249e-05,0.0023959,3.49282e-05,0.000204706,6.86115e-05,1.78034e-06,0.000770347,4.60989e-05,9.73442e-05,0.00271217,0.000127782,1.07817e-05,1.95128e-05,4.22671e-05,0.000140608,3.55885e-05,1.70786e-05,1.86282e-05,4.01777e-05,6.97386e-05,3.84531e-05,6.09339e-05,3.73298e-05,3.31841e-05,3.84396e-05,2.22224e-05,3.1715e-05,6.3253e-05,9.41381e-06,7.48666e-06,7.68072e-05,3.29258e-05,0.00178774,0.00320889,5.56948e-05,2.18244e-05,8.24079e-05,6.33905e-07,9.79979e-06,1.48656e-06,0.000135901,1.14055e-05,1.7087e-05,6.05336e-06,2.56251e-06,8.95014e-05,0.00108938,0.0020261,3.43176e-05,9.03981e-06,7.45069e-05,5.04584e-06,4.19248e-08,1.66525e-06,4.77665e-06,2.11977e-05,1.9618e-05,1.69379e-05,3.84583e-05,8.3189e-06,5.09285e-06,0.00106968,3.51126e-06,0.00136293,4.79366e-06,3.80789e-07,8.24905e-08,1.67648e-06,1.82296e-06,1.13232e-05,2.9505e-06],
  [2.64374e-05,0.00550665,0.000103517,-0.0545506,8.63255e-05,0.00448781,0.000948632,0.00328875,0.00154674,2.61241e-05,0.00184229,0.0107973,5.07406e-05,2.31341e-05,3.45406e-05,2.75758e-05,0.000567595,0.000121607,3.84037e-05,7.97343e-06,1.44304e-05,0.00127273,0.00741637,2.86934e-05,1.37697e-05,1.11432e-05,0.00120982,5.62269e-05,2.84374e-05,4.91282e-05,2.23303e-05,0.0017503,3.09921e-05,1.32932e-05,0.000954991,4.67778e-05,5.48901e-05,0.000394885,4.59451e-05,9.8955e-06,8.01581e-05,0.000143879,0.00293763,1.61399e-05,0.00248144,8.23709e-06,0.000516891,1.93167e-05,0.000792412,6.82261e-06,1.02212e-05,0.000319285,1.89507e-06,2.68987e-05,4.88451e-05,9.08454e-05,0.00044593,0.000476806,0.00224353,6.55667e-05,3.3802e-08,2.16386e-05,3.5325e-06,1.26802e-05,1.17353e-05,1.0132e-05,0.000499736,6.15212e-06,6.61776e-05,4.79619e-05,4.5626e-05,6.11106e-05,6.22899e-05,1.14662e-05,4.93448e-08,7.51693e-08,8.17371e-08,1.23465e-07,1.32294e-07],
  [2.98119e-05,8.7063e-05,0.00791709,8.63255e-05,-0.0237986,7.09546e-05,6.08803e-05,5.1997e-05,2.44548e-05,0.00199801,2.91276e-05,0.00017071,5.72171e-05,1.48467e-06,0.000642414,3.84432e-05,8.11781e-05,0.00226176,0.000106561,8.99115e-06,1.62723e-05,3.52477e-05,0.000117257,2.96783e-05,1.42424e-05,1.55346e-05,3.35053e-05,5.8157e-05,3.20671e-05,5.08145e-05,3.11304e-05,2.76732e-05,3.20559e-05,1.85319e-05,2.6448e-05,5.27484e-05,7.85044e-06,6.24333e-06,6.40517e-05,2.74578e-05,0.00149085,0.00267598,4.64455e-05,1.82e-05,6.87222e-05,5.28631e-07,8.17232e-06,1.23968e-06,0.000113332,9.51133e-06,1.42493e-05,5.04807e-06,2.13695e-06,7.46378e-05,0.000908461,0.00168962,2.86184e-05,7.53855e-06,6.21334e-05,4.20787e-06,3.49623e-08,1.3887e-06,3.98338e-06,1.76773e-05,1.636e-05,1.4125e-05,3.20715e-05,6.93737e-06,4.24707e-06,0.000892035,2.92814e-06,0.00113659,3.99757e-06,3.17551e-07,6.87911e-08,1.39806e-06,1.52021e-06,9.44274e-06,2.46051e-06],
  [2.17301e-05,0.00452615,8.50848e-05,0.00448781,7.09546e-05,-0.0456366,0.000779721,0.00270317,0.00127133,2.14726e-05,0.00151426,0.00887473,4.17059e-05,1.90149e-05,2.83904e-05,2.26657e-05,0.000466531,9.99544e-05,3.15656e-05,6.55371e-06,1.1861e-05,0.00104611,0.00609583,2.35843e-05,1.13179e-05,9.15905e-06,0.000994402,4.62153e-05,2.33739e-05,4.03805e-05,1.83542e-05,0.00143865,2.54737e-05,1.09262e-05,0.000784948,3.84487e-05,4.51165e-05,0.000324573,3.77643e-05,8.13354e-06,6.58854e-05,0.000118261,0.00241456,1.32661e-05,0.0020396,6.77042e-06,0.000424855,1.58772e-05,0.000651318,5.6078e-06,8.40126e-06,0.000262434,1.55764e-06,2.21092e-05,4.01479e-05,7.46698e-05,0.000366529,0.000391907,0.00184405,5.38921e-05,2.77833e-08,1.77857e-05,2.90351e-06,1.04224e-05,9.64573e-06,8.32796e-06,0.000410754,5.05669e-06,5.43942e-05,3.94219e-05,3.7502e-05,5.02294e-05,5.11987e-05,9.42457e-06,4.05586e-08,6.17849e-08,6.71833e-08,1.01481e-07,1.08738e-07],
  [2.33217e-05,0.000956736,7.30042e-05,0.000948632,6.08803e-05,0.000779721,-0.00923245,0.000571395,0.000268734,1.84238e-05,0.000320084,0.00187594,4.47608e-05,1.54515e-07,4.36021e-06,2.44121e-05,7.01588e-05,1.5351e-05,1.73966e-05,7.03375e-06,1.27298e-05,1.31235e-05,0.00128854,3.96498e-05,1.90276e-05,9.86472e-06,1.24748e-05,7.7697e-05,2.5086e-05,6.78875e-05,1.97683e-05,0.000304101,4.28263e-05,1.17681e-05,9.84718e-06,4.12649e-05,6.78481e-06,6.86081e-05,4.06739e-05,4.48259e-06,1.01187e-05,1.81625e-05,0.00051039,1.42378e-05,2.55868e-05,5.50162e-08,8.98057e-05,1.29018e-07,9.79478e-05,6.03986e-06,9.04855e-06,5.54733e-05,1.67173e-06,1.21849e-05,6.16593e-06,1.14678e-05,2.9784e-06,8.28413e-05,2.31336e-05,4.37925e-07,4.67091e-08,1.44526e-07,3.11619e-06,1.12254e-05,1.03889e-05,8.9696e-06,3.33778e-06,5.42708e-06,4.42006e-07,6.05444e-06,3.0474e-07,7.71426e-06,4.16039e-07,1.18231e-07,4.36835e-08,9.48895e-09,1.0318e-08,8.70723e-08,1.67e-08],
  [1.59242e-05,0.00331685,6.23518e-05,0.00328875,5.1997e-05,0.00270317,0.000571395,-0.0341656,0.000931659,1.57355e-05,0.00110968,0.00650358,3.05629e-05,1.39345e-05,2.0805e-05,1.66099e-05,0.000341883,7.32486e-05,2.31319e-05,4.80269e-06,8.69197e-06,0.000766614,0.00446715,1.72831e-05,8.29399e-06,6.71193e-06,0.000728718,3.38675e-05,1.71289e-05,2.95917e-05,1.34503e-05,0.00105427,1.86677e-05,8.00696e-06,0.000575226,2.8176e-05,3.30623e-05,0.000237853,2.76744e-05,5.96042e-06,4.82821e-05,8.66637e-05,0.00176944,9.72166e-06,0.00149466,4.9615e-06,0.000311342,1.16351e-05,0.000477299,4.10951e-06,6.15661e-06,0.000192317,1.14147e-06,1.62021e-05,2.94212e-05,5.47195e-05,0.0002686,0.000287197,0.00135136,3.94932e-05,2.03602e-08,1.30337e-05,2.12775e-06,7.63774e-06,7.06858e-06,6.1029e-06,0.000301009,3.70564e-06,3.98612e-05,2.88892e-05,2.74822e-05,3.68091e-05,3.75195e-05,6.90651e-06,2.97222e-08,4.52772e-08,4.92332e-08,7.43672e-08,7.96853e-08],
  [7.48937e-06,0.00155996,2.93249e-05,0.00154674,2.44548e-05,0.00127133,0.000268734,0.000931659,-0.016562,7.40061e-06,0.000521896,0.00305872,1.43741e-05,6.55357e-06,9.78488e-06,7.81185e-06,0.000160792,3.44497e-05,1.08792e-05,2.25876e-06,4.08794e-06,0.000360548,0.00210096,8.12844e-06,3.90077e-06,3.15671e-06,0.000342725,1.59283e-05,8.05594e-06,1.39173e-05,6.32586e-06,0.000495837,8.77963e-06,3.76578e-06,0.000270536,1.32515e-05,1.55496e-05,0.000111865,1.30156e-05,2.80326e-06,2.27077e-05,4.0759e-05,0.00083219,4.57222e-06,0.000702958,2.33346e-06,0.000146428,5.47215e-06,0.00022448,1.93275e-06,2.89553e-06,9.04492e-05,5.36847e-07,7.62004e-06,1.38371e-05,2.57353e-05,0.000126326,0.000135073,0.000635561,1.85742e-05,9.57564e-09,6.12993e-06,1.00071e-06,3.59213e-06,3.32444e-06,2.87027e-06,0.000141568,1.74281e-06,1.87472e-05,1.3587e-05,1.29252e-05,1.73118e-05,1.76459e-05,3.24822e-06,1.39787e-08,2.12944e-08,2.3155e-08,3.49759e-08,3.7477e-08],
  [9.02178e-06,2.63473e-05,0.0023959,2.61241e-05,0.00199801,2.14726e-05,1.84238e-05,1.57355e-05,7.40061e-06,-0.0085954,8.81471e-06,5.1661e-05,1.73153e-05,4.49298e-07,0.00019441,1.16338e-05,2.45664e-05,0.000684461,3.2248e-05,2.72094e-06,4.92438e-06,1.06668e-05,3.54847e-05,8.98136e-06,4.31008e-06,4.70113e-06,1.01395e-05,1.75997e-05,9.70428e-06,1.53777e-05,9.4208e-06,8.37457e-06,9.70088e-06,5.60819e-06,8.0038e-06,1.59629e-05,2.37573e-06,1.88938e-06,1.93836e-05,8.30937e-06,0.000451166,0.000809817,1.40555e-05,5.50775e-06,2.0797e-05,1.59976e-07,2.47314e-06,3.75158e-07,3.42969e-05,2.87836e-06,4.31218e-06,1.52767e-06,6.46693e-07,2.25872e-05,0.000274922,0.000511319,8.66061e-06,2.28135e-06,1.8803e-05,1.2734e-06,1.05804e-08,4.20254e-07,1.20547e-06,5.34958e-06,4.95094e-06,4.27456e-06,9.7056e-06,2.09941e-06,1.28527e-06,0.000269951,8.86125e-07,0.000343958,1.20976e-06,9.60985e-08,2.08178e-08,4.23086e-07,4.60053e-07,2.8576e-06,7.44609e-07],
  [8.92042e-06,0.00185803,3.49282e-05,0.00184229,2.91276e-05,0.00151426,0.000320084,0.00110968,0.000521896,8.81471e-06,-0.0196269,0.00364317,1.71207e-05,7.80582e-06,1.16546e-05,9.30452e-06,0.000191516,4.10323e-05,1.2958e-05,2.69036e-06,4.86906e-06,0.000429441,0.0025024,9.6816e-06,4.64612e-06,3.75988e-06,0.000408212,1.89719e-05,9.59525e-06,1.65766e-05,7.53459e-06,0.00059058,1.04572e-05,4.48533e-06,0.000322229,1.57836e-05,1.85208e-05,0.00013324,1.55026e-05,3.3389e-06,2.70466e-05,4.85472e-05,0.000991203,5.44587e-06,0.000837278,2.77933e-06,0.000174407,6.51776e-06,0.000267373,2.30206e-06,3.4488e-06,0.000107732,6.39427e-07,9.07606e-06,1.64811e-05,3.06527e-05,0.000150464,0.000160882,0.000757002,2.21233e-05,1.14053e-08,7.30122e-06,1.19192e-06,4.2785e-06,3.95967e-06,3.41872e-06,0.000168619,2.07582e-06,2.23294e-05,1.61831e-05,1.5395e-05,2.06197e-05,2.10176e-05,3.86888e-06,1.66497e-08,2.53633e-08,2.75794e-08,4.1659e-08,4.4638e-08],
  [5.22806e-05,0.0108895,0.000204706,0.0107973,0.00017071,0.00887473,0.00187594,0.00650358,0.00305872,5.1661e-05,0.00364317,-0.0973205,0.000100341,4.57481e-05,6.83047e-05,5.45317e-05,0.00112243,0.000240481,7.59441e-05,1.57676e-05,2.85365e-05,0.00251686,0.014666,5.67417e-05,2.72299e-05,2.20358e-05,0.00239244,0.00011119,5.62356e-05,9.71519e-05,4.41586e-05,0.00346126,6.12875e-05,2.62875e-05,0.00188851,9.2504e-05,0.000108546,0.000780892,9.08575e-05,1.95686e-05,0.000158514,0.000284524,0.00580922,3.1917e-05,0.0049071,1.6289e-05,0.00102216,3.81991e-05,0.00156701,1.34919e-05,2.02127e-05,0.000631393,3.74754e-06,5.31928e-05,9.65922e-05,0.000179649,0.000881836,0.000942893,0.00443662,0.000129659,6.68441e-08,4.27908e-05,6.98559e-06,2.50754e-05,2.32068e-05,2.00363e-05,0.000988238,1.21659e-05,0.000130868,9.48456e-05,9.02264e-05,0.000120847,0.00012318,2.26747e-05,9.75804e-08,1.48649e-07,1.61637e-07,2.44154e-07,2.61614e-07],
  [0.00118653,5.11741e-05,6.86115e-05,5.07406e-05,5.72171e-05,4.17059e-05,4.47608e-05,3.05629e-05,1.43741e-05,1.73153e-05,1.71207e-05,0.000100341,-0.0153915,1.09157e-06,6.996e-06,0.000516905,0.000552009,2.46309e-05,0.00142034,0.000357854,0.000647649,2.93066e-05,6.89215e-05,3.24504e-05,1.55727e-05,0.000208877,2.78579e-05,6.35891e-05,0.0012763,5.55608e-05,0.000418578,1.62658e-05,3.50501e-05,0.000249179,2.19901e-05,0.00209943,5.33828e-05,3.66972e-06,0.000861237,0.000365981,1.62356e-05,2.91419e-05,2.72998e-05,0.000724373,5.71388e-05,3.88664e-07,4.80355e-06,9.11449e-07,0.000770653,0.000127889,0.000191596,2.96717e-06,8.50523e-05,0.000994838,9.8933e-06,1.84002e-05,2.1041e-05,4.43103e-06,5.16605e-05,3.09374e-06,3.82279e-08,1.02101e-06,0.000158541,0.000237689,0.000219976,0.000189924,2.35798e-05,0.000276112,3.12256e-06,9.71441e-06,2.15284e-06,1.23776e-05,2.93912e-06,2.64026e-07,9.24963e-07,1.52251e-08,1.65554e-08,8.18332e-08,2.67954e-08],
  [5.68743e-07,2.33317e-05,1.78034e-06,2.31341e-05,1.48467e-06,1.90149e-05,1.54515e-07,1.39345e-05,6.55357e-06,4.49298e-07,7.80582e-06,4.57481e-05,1.09157e-06,-0.000225301,1.06332e-07,5.95332e-07,1.71095e-06,3.74363e-07,4.24247e-07,1.71531e-07,3.10438e-07,3.20041e-07,3.14233e-05,9.66932e-07,4.64023e-07,2.40569e-07,3.0422e-07,1.89478e-06,6.11768e-07,1.65556e-06,4.82086e-07,7.41605e-06,1.0444e-06,2.86985e-07,2.40141e-07,1.00632e-06,1.6546e-07,1.67313e-06,9.91906e-07,1.09316e-07,2.46763e-07,4.42925e-07,1.24468e-05,3.47214e-07,6.23981e-07,1.34167e-09,2.19007e-06,3.14633e-09,2.38863e-06,1.47293e-07,2.20665e-07,1.35282e-06,4.07682e-08,2.97151e-07,1.50367e-07,2.79663e-07,7.26337e-08,2.02023e-06,5.64156e-07,1.06796e-08,1.13909e-09,3.52453e-09,7.59939e-08,2.73752e-07,2.53352e-07,2.1874e-07,8.13977e-08,1.32349e-07,1.07791e-08,1.47648e-07,7.43164e-09,1.88126e-07,1.01459e-08,2.88328e-09,1.0653e-09,2.31405e-10,2.51624e-10,2.12342e-09,4.0726e-10],
  [3.64513e-06,3.48357e-05,0.000770347,3.45406e-05,0.000642414,2.83904e-05,4.36021e-06,2.0805e-05,9.78488e-06,0.00019441,1.16546e-05,6.83047e-05,6.996e-06,1.06332e-07,-0.00244642,3.8437e-06,1.11532e-05,7.61256e-05,8.20336e-06,1.09936e-06,1.98963e-06,6.05573e-06,4.69168e-05,4.10302e-06,1.969e-06,1.55321e-06,5.75637e-06,8.04019e-06,3.92089e-06,7.0251e-06,3.11254e-06,1.10726e-05,4.43172e-06,1.85289e-06,4.54389e-06,6.44962e-06,1.07858e-06,2.49809e-06,6.40413e-06,2.11377e-06,5.01785e-05,9.00676e-05,1.85838e-05,2.22534e-06,1.18068e-05,3.78603e-08,3.26991e-06,8.87855e-08,1.55708e-05,9.5098e-07,1.4247e-06,2.01984e-06,2.61288e-07,5.7458e-06,3.05767e-05,5.68687e-05,2.04963e-06,3.01633e-06,1.06748e-05,3.01365e-07,4.83352e-09,9.94579e-08,4.87053e-07,1.76745e-06,1.63574e-06,1.41227e-06,2.29694e-06,8.4824e-07,3.04173e-07,3.00239e-05,2.09712e-07,3.82549e-05,2.86304e-07,5.45568e-08,6.878e-09,4.70555e-08,5.1167e-08,9.18796e-07,8.28151e-08],
  [0.000269324,2.78114e-05,4.60989e-05,2.75758e-05,3.84432e-05,2.26657e-05,2.44121e-05,1.66099e-05,7.81185e-06,1.16338e-05,9.30452e-06,5.45317e-05,0.000516905,5.95332e-07,3.8437e-06,-0.0108588,0.000764942,1.35325e-05,0.00132431,8.1227e-05,0.000147006,1.3328e-05,3.74565e-05,7.84766e-05,3.76603e-05,0.000251798,1.26692e-05,0.000153781,0.000289698,0.000134366,0.000504588,8.83993e-06,8.47637e-05,0.000300381,1.00006e-05,0.000476535,7.39747e-05,1.99437e-06,0.0010382,0.000341237,8.92004e-06,1.6011e-05,1.48365e-05,0.000164421,2.59856e-05,2.11973e-07,2.61057e-06,4.97095e-07,0.00106792,0.000154168,0.000230965,1.61256e-06,1.93055e-05,0.000927576,5.43551e-06,1.01093e-05,1.14755e-05,2.40812e-06,2.34942e-05,1.68729e-06,9.24487e-08,5.56848e-07,3.59863e-05,0.000286529,0.000265178,0.00022895,1.28602e-05,6.26729e-05,1.70301e-06,5.33723e-06,1.17414e-06,6.80042e-06,1.60297e-06,1.20074e-07,1.11503e-06,8.36488e-09,9.09575e-09,5.49823e-08,1.47217e-08],
  [0.000287614,0.000572444,9.73442e-05,0.000567595,8.11781e-05,0.000466531,7.01588e-05,0.000341883,0.000160792,2.45664e-05,0.000191516,0.00112243,0.000552009,1.71095e-06,1.11532e-05,0.000764942,-0.0183103,3.92671e-05,0.000341032,8.67433e-05,0.000156989,6.69169e-05,0.00077097,0.000660753,0.00031709,0.000309107,6.36089e-05,0.0012948,0.000309372,0.00113133,0.000619432,0.000181953,0.000713688,0.000368747,5.02108e-05,0.000508897,4.49174e-05,4.10503e-05,0.0012745,8.7874e-05,2.58831e-05,4.64587e-05,0.000305382,0.000175587,0.000130467,6.09198e-07,5.37335e-05,1.42862e-06,0.000648443,0.000189256,0.000283532,3.31914e-05,2.06165e-05,0.000238866,1.57721e-05,2.9334e-05,3.298e-05,4.95664e-05,0.000117958,4.84918e-06,7.78394e-07,1.60035e-06,3.84302e-05,0.000351743,0.000325532,0.000281059,3.69594e-05,6.69291e-05,4.89436e-06,1.54869e-05,3.37441e-06,1.97326e-05,4.60683e-06,6.02862e-07,1.3688e-06,2.42722e-08,2.6393e-08,1.16103e-07,4.27177e-08],
  [1.28335e-05,0.000122646,0.00271217,0.000121607,0.00226176,9.99544e-05,1.5351e-05,7.32486e-05,3.44497e-05,0.000684461,4.10323e-05,0.000240481,2.46309e-05,3.74363e-07,7.61256e-05,1.35325e-05,3.92671e-05,-0.00842125,2.88817e-05,3.87053e-06,7.00493e-06,2.13205e-05,0.000165181,1.44455e-05,6.93229e-06,5.46839e-06,2.02665e-05,2.83072e-05,1.38043e-05,2.47333e-05,1.09583e-05,3.89835e-05,1.56028e-05,6.52349e-06,1.59977e-05,2.27072e-05,3.79738e-06,8.79504e-06,2.25471e-05,7.44196e-06,0.000176664,0.000317102,6.54281e-05,7.83476e-06,4.15684e-05,1.33295e-07,1.15124e-05,3.12588e-07,5.48203e-05,3.34813e-06,5.01596e-06,7.11126e-06,9.19919e-07,2.02293e-05,0.000107652,0.000200218,7.21617e-06,1.06196e-05,3.75829e-05,1.06102e-06,1.70174e-08,3.50163e-07,1.71477e-06,6.22268e-06,5.75897e-06,4.9722e-06,8.08687e-06,2.98641e-06,1.07091e-06,0.000105705,7.38334e-07,0.000134684,1.00799e-06,1.92079e-07,2.42155e-08,1.65669e-07,1.80144e-07,3.23482e-06,2.91568e-07],
  [0.000740043,3.87318e-05,0.000127782,3.84037e-05,0.000106561,3.15656e-05,1.73966e-05,2.31319e-05,1.08792e-05,3.2248e-05,1.2958e-05,7.59441e-05,0.00142034,4.24247e-07,8.20336e-06,0.00132431,0.000341032,2.88817e-05,-0.0160861,0.000223194,0.00040394,2.1877e-05,5.21641e-05,4.67369e-05,2.24287e-05,0.000535144,2.07955e-05,9.15848e-05,0.000796027,8.0022e-05,0.0010724,1.2311e-05,5.04812e-05,0.000638397,1.64153e-05,0.00130942,3.298e-05,2.77748e-06,0.00220649,2.5047e-05,1.90375e-05,3.41712e-05,2.06622e-05,0.000451792,4.26534e-05,1.51057e-07,3.63563e-06,3.54241e-07,0.000476111,0.000327652,0.000490868,2.24574e-06,5.30472e-05,6.80847e-05,1.16007e-05,2.15757e-05,8.17773e-06,3.35368e-06,3.85639e-05,1.2024e-06,5.50581e-08,3.96822e-07,9.88826e-05,0.000608959,0.00056358,0.000486586,9.16446e-06,0.000172212,1.2136e-06,1.13909e-05,8.36718e-07,1.45137e-05,1.14231e-06,1.97092e-07,2.36976e-06,1.78526e-08,1.94125e-08,1.52407e-07,3.14197e-08],
  [0.000186453,8.04155e-06,1.07817e-05,7.97343e-06,8.99115e-06,6.55371e-06,7.03375e-06,4.80269e-06,2.25876e-06,2.72094e-06,2.69036e-06,1.57676e-05,0.000357854,1.71531e-07,1.09936e-06,8.1227e-05,8.67433e-05,3.87053e-06,0.000223194,-0.00272025,0.000101772,4.60526e-06,1.08304e-05,5.09928e-06,2.4471e-06,3.28232e-05,4.37761e-06,9.99246e-06,0.000200558,8.73088e-06,6.57758e-05,2.55603e-06,5.5078e-06,3.91562e-05,3.45554e-06,0.000329906,8.38863e-06,5.76664e-07,0.000135336,5.75106e-05,2.55127e-06,4.57939e-06,4.28992e-06,0.000113829,8.97885e-06,6.1075e-08,7.54835e-07,1.43226e-07,0.000121101,2.00966e-05,3.01075e-05,4.66264e-07,1.33652e-05,0.00015633,1.55464e-06,2.89143e-06,3.3064e-06,6.96297e-07,8.11798e-06,4.86153e-07,6.00717e-09,1.60442e-07,2.49134e-05,3.73507e-05,3.45673e-05,2.98448e-05,3.70535e-06,4.33885e-05,4.90682e-07,1.52653e-06,3.383e-07,1.94503e-06,4.61856e-07,4.14894e-08,1.4535e-07,2.39249e-09,2.60153e-09,1.28593e-08,4.21065e-09],
  [0.000337445,1.45537e-05,1.95128e-05,1.44304e-05,1.62723e-05,1.1861e-05,1.27298e-05,8.69197e-06,4.08794e-06,4.92438e-06,4.86906e-06,2.85365e-05,0.000647649,3.10438e-07,1.98963e-06,0.000147006,0.000156989,7.00493e-06,0.00040394,0.000101772,-0.00484073,8.33467e-06,1.9601e-05,9.22875e-06,4.4288e-06,5.94038e-05,7.92266e-06,1.80845e-05,0.000362973,1.58013e-05,0.000119042,4.62593e-06,9.96809e-06,7.08655e-05,6.25388e-06,0.000597068,1.51819e-05,1.04365e-06,0.000244932,0.000104083,4.61733e-06,8.28784e-06,7.76396e-06,0.000206009,1.625e-05,1.10534e-07,1.36611e-06,2.59212e-07,0.00021917,3.63711e-05,5.4489e-05,8.4385e-07,2.41885e-05,0.000282928,2.81361e-06,5.23295e-06,5.98397e-06,1.26017e-06,1.4692e-05,8.79845e-07,1.08718e-08,2.90371e-07,4.50885e-05,6.75977e-05,6.25604e-05,5.40136e-05,6.706e-06,7.85251e-05,8.88043e-07,2.76274e-06,6.1226e-07,3.52014e-06,8.35873e-07,7.5088e-08,2.63055e-07,4.32996e-09,4.70829e-09,2.3273e-08,7.62049e-09],
  [1.52696e-05,0.00128361,4.22671e-05,0.00127273,3.52477e-05,0.00104611,1.31235e-05,0.000766614,0.000360548,1.06668e-05,0.000429441,0.00251686,2.93066e-05,3.20041e-07,6.05573e-06,1.3328e-05,6.69169e-05,2.13205e-05,2.1877e-05,4.60526e-06,8.33467e-06,-0.0117628,0.00172877,1.98621e-05,9.53166e-06,5.38575e-06,1.83518e-05,3.89214e-05,1.64248e-05,3.40075e-05,1.07927e-05,0.000407998,2.14533e-05,6.4249e-06,1.44863e-05,2.70177e-05,6.47129e-06,9.20482e-05,2.22064e-05,5.63706e-06,1.40535e-05,2.52252e-05,0.000684766,9.32203e-06,3.76412e-05,1.13953e-07,0.000120488,2.6723e-07,9.34217e-05,3.29753e-06,4.94016e-06,7.44259e-05,1.09455e-06,1.53231e-05,8.56362e-06,1.59272e-05,6.16907e-06,0.000111144,3.40323e-05,9.0706e-07,2.33984e-08,2.99352e-07,2.04029e-06,6.12864e-06,5.67194e-06,4.89705e-06,6.91342e-06,3.55332e-06,9.15511e-07,8.40878e-06,6.31198e-07,1.0714e-05,8.61728e-07,1.73932e-07,2.38495e-08,1.31788e-08,1.43303e-08,5.04121e-08,2.3194e-08],
  [3.59102e-05,0.00747973,0.000140608,0.00741637,0.000117257,0.00609583,0.00128854,0.00446715,0.00210096,3.54847e-05,0.0025024,0.014666,6.89215e-05,3.14233e-05,4.69168e-05,3.74565e-05,0.00077097,0.000165181,5.21641e-05,1.08304e-05,1.9601e-05,0.00172877,-0.0714393,3.89745e-05,1.87035e-05,1.51359e-05,0.00164331,7.63736e-05,3.86268e-05,6.67312e-05,3.03314e-05,0.00237745,4.20968e-05,1.80562e-05,0.00129717,6.35387e-05,7.45577e-05,0.000536375,6.24077e-05,1.34412e-05,0.00010888,0.000195433,0.00399021,2.1923e-05,0.00337056,1.11885e-05,0.000702098,2.6238e-05,0.00107634,9.26722e-06,1.38836e-05,0.000433688,2.57409e-06,3.65368e-05,6.63467e-05,0.000123396,0.000605711,0.00064765,0.0030474,8.90599e-05,4.59135e-08,2.9392e-05,4.79823e-06,1.72236e-05,1.59401e-05,1.37625e-05,0.000678796,8.35648e-06,8.98896e-05,6.51471e-05,6.19743e-05,8.30071e-05,8.46089e-05,1.55747e-05,6.70255e-08,1.02103e-07,1.11024e-07,1.67703e-07,1.79696e-07],
  [1.69076e-05,2.89385e-05,3.55885e-05,2.86934e-05,2.96783e-05,2.35843e-05,3.96498e-05,1.72831e-05,8.12844e-06,8.98136e-06,9.6816e-06,5.67417e-05,3.24504e-05,9.66932e-07,4.10302e-06,7.84766e-05,0.000660753,1.44455e-05,4.67369e-05,5.09928e-06,9.22875e-06,1.98621e-05,3.89745e-05,-0.0222598,0.00176881,3.17118e-05,1.88803e-05,0.00722274,1.81867e-05,0.00631085,6.35486e-05,9.19818e-06,0.00398115,3.78304e-05,1.49035e-05,2.9916e-05,6.3899e-05,2.0752e-06,0.000130753,1.20427e-05,9.52184e-06,1.70912e-05,1.54378e-05,1.0322e-05,3.8725e-05,3.44284e-07,2.71636e-06,8.07376e-07,0.000922468,1.94161e-05,2.90881e-05,1.67791e-06,1.21196e-06,3.27355e-05,5.80222e-06,1.07914e-05,1.86385e-05,2.50571e-06,3.50122e-05,2.74048e-06,4.3421e-06,9.04426e-07,2.25915e-06,3.60859e-05,3.33969e-05,2.88343e-05,2.08874e-05,3.93449e-06,2.76601e-06,5.69731e-06,1.90702e-06,7.25922e-06,2.60352e-06,1.7894e-07,1.40428e-07,8.92923e-09,9.70941e-09,4.24466e-08,1.57149e-08],
  [8.11384e-06,1.38873e-05,1.70786e-05,1.37697e-05,1.42424e-05,1.13179e-05,1.90276e-05,8.29399e-06,3.90077e-06,4.31008e-06,4.64612e-06,2.72299e-05,1.55727e-05,4.64023e-07,1.969e-06,3.76603e-05,0.00031709,6.93229e-06,2.24287e-05,2.4471e-06,4.4288e-06,9.53166e-06,1.87035e-05,0.00176881,-0.0116023,1.52182e-05,9.06048e-06,0.00346613,8.72765e-06,0.00302853,3.04964e-05,4.41413e-06,0.00191052,1.81545e-05,7.15204e-06,1.43564e-05,3.06646e-05,9.95869e-07,6.27473e-05,5.77921e-06,4.56945e-06,8.20191e-06,7.40848e-06,4.95346e-06,1.85838e-05,1.65219e-07,1.30356e-06,3.87453e-07,0.000442685,9.31764e-06,1.39591e-05,8.05214e-07,5.8161e-07,1.57095e-05,2.78444e-06,5.17869e-06,8.94444e-06,1.20247e-06,1.6802e-05,1.31513e-06,2.08374e-06,4.34027e-07,1.08415e-06,1.73173e-05,1.60269e-05,1.38373e-05,1.00237e-05,1.88813e-06,1.32739e-06,2.73409e-06,9.15165e-07,3.48364e-06,1.24941e-06,8.58718e-08,6.73902e-08,4.28506e-09,4.65947e-09,2.03697e-08,7.54147e-09],
  [0.000108832,1.12384e-05,1.86282e-05,1.11432e-05,1.55346e-05,9.15905e-06,9.86472e-06,6.71193e-06,3.15671e-06,4.70113e-06,3.75988e-06,2.20358e-05,0.000208877,2.40569e-07,1.55321e-06,0.000251798,0.000309107,5.46839e-06,0.000535144,3.28232e-05,5.94038e-05,5.38575e-06,1.51359e-05,3.17118e-05,1.52182e-05,-0.00453799,5.11952e-06,6.21418e-05,0.000117065,5.42962e-05,0.0002039,3.57214e-06,3.42523e-05,0.000121381,4.04118e-06,0.000192564,2.98926e-05,8.05909e-07,0.00041953,0.000137891,3.60452e-06,6.4699e-06,5.99533e-06,6.64411e-05,1.05006e-05,8.56567e-08,1.05491e-06,2.00872e-07,0.00043154,6.2298e-05,9.33311e-05,6.51621e-07,7.80118e-06,0.000374826,2.19645e-06,4.0851e-06,4.63718e-06,9.73101e-07,9.4938e-06,6.81821e-07,3.73578e-08,2.25018e-07,1.45418e-05,0.000115784,0.000107156,9.25168e-05,5.1967e-06,2.53256e-05,6.88174e-07,2.15673e-06,4.7446e-07,2.748e-06,6.47746e-07,4.85209e-08,4.50573e-07,3.38018e-09,3.67552e-09,2.22179e-08,5.94893e-09],
  [1.45148e-05,0.00122015,4.01777e-05,0.00120982,3.35053e-05,0.000994402,1.24748e-05,0.000728718,0.000342725,1.01395e-05,0.000408212,0.00239244,2.78579e-05,3.0422e-07,5.75637e-06,1.26692e-05,6.36089e-05,2.02665e-05,2.07955e-05,4.37761e-06,7.92266e-06,1.83518e-05,0.00164331,1.88803e-05,9.06048e-06,5.11952e-06,-0.0111823,3.69974e-05,1.56128e-05,3.23264e-05,1.02592e-05,0.000387829,2.03928e-05,6.1073e-06,1.37702e-05,2.56822e-05,6.15139e-06,8.74979e-05,2.11086e-05,5.3584e-06,1.33588e-05,2.39782e-05,0.000650915,8.86121e-06,3.57804e-05,1.0832e-07,0.000114532,2.5402e-07,8.88036e-05,3.13452e-06,4.69595e-06,7.07468e-05,1.04044e-06,1.45656e-05,8.1403e-06,1.51399e-05,5.86411e-06,0.00010565,3.23499e-05,8.62221e-07,2.22417e-08,2.84554e-07,1.93943e-06,5.82568e-06,5.39155e-06,4.65498e-06,6.57167e-06,3.37767e-06,8.70255e-07,7.99311e-06,5.99996e-07,1.01844e-05,8.1913e-07,1.65334e-07,2.26705e-08,1.25274e-08,1.36219e-08,4.79201e-08,2.20475e-08],
  [3.31319e-05,5.67073e-05,6.97386e-05,5.62269e-05,5.8157e-05,4.62153e-05,7.7697e-05,3.38675e-05,1.59283e-05,1.75997e-05,1.89719e-05,0.00011119,6.35891e-05,1.89478e-06,8.04019e-06,0.000153781,0.0012948,2.83072e-05,9.15848e-05,9.99246e-06,1.80845e-05,3.89214e-05,7.63736e-05,0.00722274,0.00346613,6.21418e-05,3.69974e-05,-0.036689,3.56383e-05,0.0123666,0.000124529,1.80246e-05,0.00780138,7.41317e-05,2.92045e-05,5.86228e-05,0.000125215,4.06651e-06,0.000256221,2.35987e-05,1.86588e-05,3.34915e-05,3.02516e-05,2.02268e-05,7.58847e-05,6.74653e-07,5.32293e-06,1.58212e-06,0.00180765,3.80475e-05,5.70004e-05,3.28799e-06,2.37494e-06,6.41478e-05,1.13699e-05,2.11466e-05,3.65236e-05,4.91014e-06,6.86091e-05,5.37019e-06,8.50869e-06,1.7723e-06,4.42699e-06,7.07133e-05,6.54438e-05,5.65031e-05,4.09305e-05,7.70995e-06,5.42023e-06,1.11643e-05,3.73697e-06,1.4225e-05,5.10181e-06,3.50647e-07,2.7518e-07,1.74975e-08,1.90264e-08,8.31774e-08,3.07947e-08],
  [0.000664989,2.86804e-05,3.84531e-05,2.84374e-05,3.20671e-05,2.33739e-05,2.5086e-05,1.71289e-05,8.05594e-06,9.70428e-06,9.59525e-06,5.62356e-05,0.0012763,6.11768e-07,3.92089e-06,0.000289698,0.000309372,1.38043e-05,0.000796027,0.000200558,0.000362973,1.64248e-05,3.86268e-05,1.81867e-05,8.72765e-06,0.000117065,1.56128e-05,3.56383e-05,-0.00918709,3.11389e-05,0.000234591,9.11613e-06,1.96437e-05,0.000139652,1.23243e-05,0.00117662,2.99182e-05,2.05669e-06,0.000482677,0.000205113,9.09918e-06,1.63325e-05,1.53001e-05,0.000405973,3.20233e-05,2.17825e-07,2.69213e-06,5.10819e-07,0.00043191,7.1675e-05,0.000107379,1.66294e-06,4.76673e-05,0.000557554,5.54467e-06,1.03124e-05,1.17924e-05,2.48336e-06,2.8953e-05,1.73387e-06,2.14247e-08,5.72221e-07,8.88541e-05,0.000133212,0.000123285,0.000106442,1.32152e-05,0.000154746,1.75003e-06,5.44441e-06,1.20655e-06,6.93699e-06,1.64722e-06,1.47973e-07,5.18392e-07,8.53287e-09,9.27842e-09,4.58631e-08,1.50174e-08],
  [2.89489e-05,4.95479e-05,6.09339e-05,4.91282e-05,5.08145e-05,4.03805e-05,6.78875e-05,2.95917e-05,1.39173e-05,1.53777e-05,1.65766e-05,9.71519e-05,5.55608e-05,1.65556e-06,7.0251e-06,0.000134366,0.00113133,2.47333e-05,8.0022e-05,8.73088e-06,1.58013e-05,3.40075e-05,6.67312e-05,0.00631085,0.00302853,5.42962e-05,3.23264e-05,0.0123666,3.11389e-05,-0.0336183,0.000108807,1.57489e-05,0.00681644,6.47724e-05,2.55174e-05,5.12215e-05,0.000109407,3.5531e-06,0.000223872,2.06193e-05,1.63031e-05,2.92631e-05,2.64323e-05,1.76732e-05,6.63041e-05,5.89476e-07,4.6509e-06,1.38237e-06,0.00157943,3.32439e-05,4.98039e-05,2.87288e-06,2.07509e-06,5.6049e-05,9.93444e-06,1.84767e-05,3.19124e-05,4.29022e-06,5.99471e-05,4.69219e-06,7.43445e-06,1.54854e-06,3.86807e-06,6.17856e-05,5.71814e-05,4.93694e-05,3.57629e-05,6.73655e-06,4.73591e-06,9.75481e-06,3.26517e-06,1.24291e-05,4.45769e-06,3.06377e-07,2.40438e-07,1.52884e-08,1.66242e-08,7.26761e-08,2.69068e-08],
  [0.000218092,2.2521e-05,3.73298e-05,2.23303e-05,3.11304e-05,1.83542e-05,1.97683e-05,1.34503e-05,6.32586e-06,9.4208e-06,7.53459e-06,4.41586e-05,0.000418578,4.82086e-07,3.11254e-06,0.000504588,0.000619432,1.09583e-05,0.0010724,6.57758e-05,0.000119042,1.07927e-05,3.03314e-05,6.35486e-05,3.04964e-05,0.0002039,1.02592e-05,0.000124529,0.000234591,0.000108807,-0.00888916,7.15837e-06,6.86397e-05,0.000243242,8.09829e-06,0.000385887,5.99031e-05,1.615e-06,0.000840715,0.000276326,7.22325e-06,1.29653e-05,1.20143e-05,0.000133144,2.10425e-05,1.71651e-07,2.11398e-06,4.02536e-07,0.000864781,0.000124842,0.00018703,1.30581e-06,1.56331e-05,0.00075113,4.40155e-06,8.1863e-06,9.29264e-06,1.95004e-06,1.9025e-05,1.36633e-06,7.48629e-08,4.50923e-07,2.91409e-05,0.000232025,0.000214735,0.000185398,1.04139e-05,5.07511e-05,1.37906e-06,4.32196e-06,9.50792e-07,5.50683e-06,1.29805e-06,9.72331e-08,9.02922e-07,6.77369e-09,7.36554e-09,4.45234e-08,1.19213e-08],
  [8.475e-06,0.00176526,3.31841e-05,0.0017503,2.76732e-05,0.00143865,0.000304101,0.00105427,0.000495837,8.37457e-06,0.00059058,0.00346126,1.62658e-05,7.41605e-06,1.10726e-05,8.83993e-06,0.000181953,3.89835e-05,1.2311e-05,2.55603e-06,4.62593e-06,0.000407998,0.00237745,9.19818e-06,4.41413e-06,3.57214e-06,0.000387829,1.80246e-05,9.11613e-06,1.57489e-05,7.15837e-06,-0.0186764,9.93508e-06,4.26137e-06,0.00030614,1.49955e-05,1.7596e-05,0.000126587,1.47286e-05,3.17218e-06,2.56961e-05,4.61231e-05,0.00094171,5.17394e-06,0.00079547,2.64055e-06,0.000165699,6.19231e-06,0.000254022,2.18711e-06,3.2766e-06,0.000102353,6.07499e-07,8.62287e-06,1.56582e-05,2.91221e-05,0.000142951,0.000152849,0.000719203,2.10186e-05,1.08358e-08,6.93665e-06,1.13241e-06,4.06487e-06,3.76196e-06,3.24801e-06,0.000160199,1.97217e-06,2.12144e-05,1.53751e-05,1.46263e-05,1.95901e-05,1.99682e-05,3.6757e-06,1.58184e-08,2.40969e-08,2.62023e-08,3.95788e-08,4.24092e-08],
  [1.82622e-05,3.12569e-05,3.84396e-05,3.09921e-05,3.20559e-05,2.54737e-05,4.28263e-05,1.86677e-05,8.77963e-06,9.70088e-06,1.04572e-05,6.12875e-05,3.50501e-05,1.0444e-06,4.43172e-06,8.47637e-05,0.000713688,1.56028e-05,5.04812e-05,5.5078e-06,9.96809e-06,2.14533e-05,4.20968e-05,0.00398115,0.00191052,3.42523e-05,2.03928e-05,0.00780138,1.96437e-05,0.00681644,6.86397e-05,9.93508e-06,-0.0237241,4.08611e-05,1.60974e-05,3.23127e-05,6.90182e-05,2.24145e-06,0.000141228,1.30075e-05,1.02847e-05,1.84604e-05,1.66746e-05,1.1149e-05,4.18274e-05,3.71866e-07,2.93398e-06,8.72057e-07,0.00099637,2.09716e-05,3.14184e-05,1.81233e-06,1.30906e-06,3.53581e-05,6.26706e-06,1.16559e-05,2.01316e-05,2.70645e-06,3.78171e-05,2.96003e-06,4.68996e-06,9.76883e-07,2.44014e-06,3.89769e-05,3.60724e-05,3.11443e-05,2.25607e-05,4.2497e-06,2.98761e-06,6.15374e-06,2.0598e-06,7.84078e-06,2.8121e-06,1.93275e-07,1.51678e-07,9.64458e-09,1.04873e-08,4.58471e-08,1.69739e-08],
  [0.00012983,1.34067e-05,2.22224e-05,1.32932e-05,1.85319e-05,1.09262e-05,1.17681e-05,8.00696e-06,3.76578e-06,5.60819e-06,4.48533e-06,2.62875e-05,0.000249179,2.86985e-07,1.85289e-06,0.000300381,0.000368747,6.52349e-06,0.000638397,3.91562e-05,7.08655e-05,6.4249e-06,1.80562e-05,3.78304e-05,1.81545e-05,0.000121381,6.1073e-06,7.41317e-05,0.000139652,6.47724e-05,0.000243242,4.26137e-06,4.08611e-05,-0.00539015,4.8209e-06,0.000229718,3.56602e-05,9.61405e-07,0.000500476,0.000164496,4.29999e-06,7.71823e-06,7.15209e-06,7.92605e-05,1.25266e-05,1.02184e-07,1.25845e-06,2.39629e-07,0.000514803,7.43181e-05,0.000111339,7.77348e-07,9.30638e-06,0.000447147,2.62024e-06,4.87329e-06,5.5319e-06,1.16085e-06,1.13256e-05,8.13375e-07,4.45658e-08,2.68434e-07,1.73475e-05,0.000138124,0.000127831,0.000110367,6.19937e-06,3.02121e-05,8.20953e-07,2.57286e-06,5.66005e-07,3.27821e-06,7.72725e-07,5.78827e-08,5.37508e-07,4.03237e-09,4.38469e-09,2.65047e-08,7.09674e-09],
  [1.14575e-05,0.00096315,3.1715e-05,0.000954991,2.6448e-05,0.000784948,9.84718e-06,0.000575226,0.000270536,8.0038e-06,0.000322229,0.00188851,2.19901e-05,2.40141e-07,4.54389e-06,1.00006e-05,5.02108e-05,1.59977e-05,1.64153e-05,3.45554e-06,6.25388e-06,1.44863e-05,0.00129717,1.49035e-05,7.15204e-06,4.04118e-06,1.37702e-05,2.92045e-05,1.23243e-05,2.55174e-05,8.09829e-06,0.00030614,1.60974e-05,4.8209e-06,-0.0088298,2.02726e-05,4.85571e-06,6.9068e-05,1.66625e-05,4.22975e-06,1.0545e-05,1.89276e-05,0.000513811,6.99475e-06,2.82439e-05,8.55044e-08,9.04077e-05,2.00515e-07,7.00986e-05,2.47429e-06,3.70683e-06,5.58452e-05,8.21289e-07,1.14976e-05,6.42568e-06,1.19509e-05,4.62893e-06,8.33966e-05,2.5536e-05,6.80609e-07,1.75569e-08,2.24618e-07,1.53092e-06,4.5986e-06,4.25591e-06,3.67449e-06,5.18746e-06,2.66622e-06,6.8695e-07,6.30949e-06,4.73617e-07,8.03924e-06,6.46594e-07,1.30509e-07,1.78954e-08,9.88869e-09,1.07527e-08,3.78265e-08,1.74035e-08],
  [0.00109387,4.71774e-05,6.3253e-05,4.67778e-05,5.27484e-05,3.84487e-05,4.12649e-05,2.8176e-05,1.32515e-05,1.59629e-05,1.57836e-05,9.2504e-05,0.00209943,1.00632e-06,6.44962e-06,0.000476535,0.000508897,2.27072e-05,0.00130942,0.000329906,0.000597068,2.70177e-05,6.35387e-05,2.9916e-05,1.43564e-05,0.000192564,2.56822e-05,5.86228e-05,0.00117662,5.12215e-05,0.000385887,1.49955e-05,3.23127e-05,0.000229718,2.02726e-05,-0.0143533,4.92136e-05,3.38312e-06,0.000793974,0.000337398,1.49676e-05,2.68659e-05,2.51677e-05,0.000667799,5.26763e-05,3.58309e-07,4.42839e-06,8.40265e-07,0.000710465,0.000117901,0.000176632,2.73543e-06,7.84097e-05,0.000917141,9.12063e-06,1.69632e-05,1.93977e-05,4.08497e-06,4.76258e-05,2.85211e-06,3.52423e-08,9.41268e-07,0.000146159,0.000219125,0.000202796,0.000175091,2.17382e-05,0.000254548,2.87869e-06,8.95572e-06,1.98471e-06,1.14109e-05,2.70957e-06,2.43406e-07,8.52723e-07,1.4036e-08,1.52624e-08,7.5442e-08,2.47026e-08],
  [2.78141e-05,5.53591e-05,9.41381e-06,5.48901e-05,7.85044e-06,4.51165e-05,6.78481e-06,3.30623e-05,1.55496e-05,2.37573e-06,1.85208e-05,0.000108546,5.33828e-05,1.6546e-07,1.07858e-06,7.39747e-05,4.49174e-05,3.79738e-06,3.298e-05,8.38863e-06,1.51819e-05,6.47129e-06,7.45577e-05,6.3899e-05,3.06646e-05,2.98926e-05,6.15139e-06,0.000125215,2.99182e-05,0.000109407,5.99031e-05,1.7596e-05,6.90182e-05,3.56602e-05,4.85571e-06,4.92136e-05,-0.0018113,3.96983e-06,0.000123252,8.49798e-06,2.50306e-06,4.49285e-06,2.95324e-05,1.69804e-05,1.2617e-05,5.89134e-08,5.19637e-06,1.38157e-07,6.27086e-05,1.83023e-05,2.74194e-05,3.20982e-06,1.99375e-06,2.30999e-05,1.52526e-06,2.83679e-06,3.18938e-06,4.79339e-06,1.14073e-05,4.68946e-07,7.52757e-08,1.54764e-07,3.71645e-06,3.40158e-05,3.1481e-05,2.71802e-05,3.57421e-06,6.47248e-06,4.73316e-07,1.49768e-06,3.26327e-07,1.90827e-06,4.4551e-07,5.83006e-08,1.32372e-07,2.34728e-09,2.55237e-09,1.12279e-08,4.13108e-09],
  [1.91204e-06,0.000398258,7.48666e-06,0.000394885,6.24333e-06,0.000324573,6.86081e-05,0.000237853,0.000111865,1.88938e-06,0.00013324,0.000780892,3.66972e-06,1.67313e-06,2.49809e-06,1.99437e-06,4.10503e-05,8.79504e-06,2.77748e-06,5.76664e-07,1.04365e-06,9.20482e-05,0.000536375,2.0752e-06,9.95869e-07,8.05909e-07,8.74979e-05,4.06651e-06,2.05669e-06,3.5531e-06,1.615e-06,0.000126587,2.24145e-06,9.61405e-07,6.9068e-05,3.38312e-06,3.96983e-06,-0.0043116,3.3229e-06,7.15675e-07,5.79729e-06,1.04058e-05,0.000212459,1.16729e-06,0.000179466,5.95733e-07,3.73832e-05,1.39704e-06,5.73098e-05,4.93433e-07,7.39231e-07,2.30917e-05,1.37057e-07,1.9454e-06,3.53263e-06,6.57023e-06,3.22511e-05,3.44841e-05,0.000162259,4.74199e-06,2.44467e-09,1.56497e-06,2.55482e-07,9.17072e-07,8.48733e-07,7.32782e-07,3.61425e-05,4.44941e-07,4.78617e-06,3.46876e-06,3.29982e-06,4.41971e-06,4.505e-06,8.29273e-07,3.56877e-09,5.43648e-09,5.91149e-09,8.92936e-09,9.56791e-09],
  [0.000448731,4.63377e-05,7.68072e-05,4.59451e-05,6.40517e-05,3.77643e-05,4.06739e-05,2.76744e-05,1.30156e-05,1.93836e-05,1.55026e-05,9.08575e-05,0.000861237,9.91906e-07,6.40413e-06,0.0010382,0.0012745,2.25471e-05,0.00220649,0.000135336,0.000244932,2.22064e-05,6.24077e-05,0.000130753,6.27473e-05,0.00041953,2.11086e-05,0.000256221,0.000482677,0.000223872,0.000840715,1.47286e-05,0.000141228,0.000500476,1.66625e-05,0.000793974,0.000123252,3.3229e-06,-0.0174006,0.000568548,1.4862e-05,2.66765e-05,2.47197e-05,0.000273948,4.32956e-05,3.53177e-07,4.34957e-06,8.28229e-07,0.00177931,0.000256865,0.00038482,2.68674e-06,3.21656e-05,0.00154547,9.05631e-06,1.68435e-05,1.91199e-05,4.01226e-06,3.91445e-05,2.81126e-06,1.54033e-07,9.27786e-07,5.99582e-05,0.000477398,0.000441823,0.000381462,2.14269e-05,0.000104422,2.83746e-06,8.89256e-06,1.95628e-06,1.13304e-05,2.67077e-06,2.0006e-07,1.85779e-06,1.39371e-08,1.51548e-08,9.16082e-08,2.45284e-08],
