// This file is auto-generated by TongueTwisterReader. Do not edit

AlignmentCutoff = 0.95;

StatClass[][] TransitionStats = [
  [new(0.00609347,0.00940572,0.0139539),new(1e-06,1.03079e-06,1.13778e-06),new(1e-06,1.06075e-06,1.13258e-06),new(1e-06,0.000596686,0.00928319),new(1e-06,0.000139369,0.00150862),new(0.00405209,0.00719689,0.0115005),new(1e-06,1.22242e-06,1.14774e-06),new(0.0259543,0.0475993,0.0752061),new(1e-06,0.000316541,0.00392893),new(1e-06,1.74706e-05,0.000408056)],
  [null,new(0.0265939,0.0363412,0.0464908),new(1e-06,1.58033e-06,1.13915e-06),new(0.0809528,0.127208,0.184734),new(0.00152514,0.00454812,0.00862776),new(1e-06,1.17183e-06,1.14243e-06),new(0.00578417,0.0116047,0.0187755),new(1e-06,4.49673e-05,0.000498721),new(0.0588046,0.102199,0.156805),new(1e-06,8.99952e-06,0.000123117)],
  [null,null,new(0.0110057,0.0207933,0.0334174),new(1e-06,0.000604539,0.00812974),new(0.0338697,0.0604506,0.0968846),new(1e-06,1.10198e-05,1.22697e-06),new(1e-06,6.16937e-05,0.00081996),new(1e-06,0.000212845,0.00409126),new(1e-06,0.000690547,0.0067975),new(1e-06,3.7916e-06,1.17702e-06)],
  [null,null,null,new(1e-06,0.0104418,0.0621102),new(1e-06,0.0125484,0.0619106),new(0.000194478,0.0090646,0.031106),new(1e-06,0.0186018,0.074971),new(0.000421292,0.0181053,0.0706462),new(0.000890406,0.0201475,0.0721672),new(1e-06,0.00345314,0.0204556)],
  [null,null,null,null,new(0.0226897,0.0828747,0.167428),new(1e-06,0.00060888,0.00424014),new(1e-06,0.000875819,0.00986021),new(0.000471904,0.00708637,0.0238091),new(1.04506e-06,0.0108142,0.0388914),new(1e-06,0.000350262,0.00285103)],
  [null,null,null,null,null,new(0.0139004,0.0283166,0.0457409),new(0.0215824,0.038454,0.0604367),new(0.0839989,0.135625,0.189648),new(1e-06,0.000506585,0.00581887),new(1e-06,0.000162855,0.0030972)],
  [null,null,null,null,null,null,new(1e-06,0.00537052,0.0317428),new(0.00501168,0.0406595,0.0857475),new(1e-06,0.00543974,0.0453359),new(0.0116126,0.019926,0.030636)],
  [null,null,null,null,null,null,null,new(1e-06,0.00254229,0.0294776),new(1.04781e-06,0.0126824,0.0451763),new(1e-06,0.00534283,0.0200965)],
  [null,null,null,null,null,null,null,null,new(1e-06,0.0088084,0.0455788),new(1e-06,0.00150827,0.0105878)],
  [null,null,null,null,null,null,null,null,null,new(0.0487792,0.0696208,0.0988524)]
];

AverageRates = [
  [-0.00784662,1.07106e-07,1.93724e-07,1.03651e-07,1.6439e-07,8.64704e-08,3.185e-06,6.24375e-08,2.93126e-08,4.9033e-08,3.75597e-08,2.05894e-07,0.00127996,3.19391e-10,5.90864e-07,0.000281043,5.66445e-08,2.38757e-06,0.000861671,0.000198411,0.000368227,2.53798e-06,1.39135e-07,1.13038e-06,5.7343e-07,0.000111113,2.65774e-06,2.11683e-06,0.000708205,1.87017e-06,0.000221064,3.41036e-08,1.17297e-06,0.000144061,1.91899e-06,0.00116164,5.35688e-09,7.22965e-09,0.000458491,0.000221271,1.53292e-06,2.75327e-06,5.57961e-08,0.000412799,4.99178e-06,2.76459e-10,9.68671e-09,1.59878e-07,8.1272e-08,6.51707e-05,9.88305e-05,6.28365e-09,5.08164e-05,0.000564849,1.06315e-06,1.76397e-06,1.41573e-06,9.07143e-09,4.63095e-06,1.04507e-07,1.19926e-09,7.27071e-08,8.48345e-05,0.000133395,0.000110368,0.000104204,1.67276e-06,0.000161991,1.09865e-07,8.92581e-07,2.33187e-07,1.11579e-06,9.57256e-08,3.81008e-11,6.6468e-09,8.2291e-12,8.29658e-11,5.46355e-18,1.70312e-11],
  [1.07106e-07,-0.0553625,4.38952e-07,0.00555772,3.72484e-07,0.00463651,0.00103269,0.00334787,0.00157173,1.11102e-07,0.00201393,0.01104,2.1334e-07,1.03558e-07,2.93258e-05,6.95967e-08,0.000817836,0.0001185,1.23804e-06,3.30705e-08,6.13747e-08,0.00124624,0.00746035,8.85585e-07,4.4925e-07,2.75157e-08,0.00130505,1.65841e-06,1.18041e-07,1.46517e-06,5.47437e-08,0.00182862,9.18957e-07,3.56748e-08,0.000942293,1.93617e-07,7.73428e-05,0.000387651,1.13539e-07,3.17919e-07,7.60821e-05,0.00013665,0.00299176,6.88039e-08,0.00245114,8.9638e-08,0.000519397,5.18382e-05,0.00117341,1.61387e-08,2.44741e-08,0.000336927,8.4699e-09,8.11566e-07,5.27663e-05,8.75495e-05,0.00045903,0.000486406,0.00227397,3.38849e-05,9.39552e-10,2.35743e-05,1.41399e-08,3.30336e-08,2.73313e-08,2.58047e-08,0.000542369,2.7e-08,3.56222e-05,4.43007e-05,7.56079e-05,5.5379e-05,3.10377e-05,1.87089e-08,1.64599e-12,4.08428e-10,4.11777e-09,1.23796e-17,8.45296e-10],
  [1.93724e-07,4.38952e-07,-0.0253853,4.2479e-07,0.00861413,3.5438e-07,8.62601e-06,2.55886e-07,1.20131e-07,0.00256936,1.5393e-07,8.43812e-07,3.85869e-07,8.65016e-10,0.000685088,1.15034e-06,7.64187e-06,0.00276831,1.02998e-05,5.98149e-08,1.11009e-07,1.48004e-05,5.70213e-07,6.55785e-07,3.32674e-07,4.54796e-07,1.54988e-05,1.22807e-06,2.13502e-07,1.08498e-06,9.04836e-07,1.39766e-07,6.80497e-07,5.89654e-07,1.11907e-05,3.50197e-07,7.22692e-07,2.96291e-08,1.87665e-06,2.64491e-06,0.00177737,0.00319232,2.28668e-07,1.24446e-07,2.91099e-05,7.48741e-10,3.96988e-08,4.33001e-07,1.09644e-05,2.6675e-07,4.04523e-07,2.57521e-08,1.53196e-08,6.75178e-06,0.00123269,0.00204527,3.83425e-06,3.71772e-08,2.70057e-05,2.83038e-07,6.95749e-10,1.96915e-07,2.5575e-08,5.45999e-07,4.51748e-07,4.26516e-07,4.53037e-06,4.88352e-08,2.9755e-07,0.00103492,6.31548e-07,0.00129372,2.59256e-07,2.22188e-10,2.7206e-11,9.54138e-09,9.61962e-08,2.86293e-13,1.97472e-08],
  [1.03651e-07,0.00555772,4.2479e-07,-0.0537556,3.60467e-07,0.00448692,0.000999374,0.00323986,0.00152102,1.07517e-07,0.00194896,0.0106838,2.06457e-07,1.00217e-07,2.83797e-05,6.73513e-08,0.00079145,0.000114677,1.19809e-06,3.20035e-08,5.93945e-08,0.00120603,0.00721966,8.57014e-07,4.34756e-07,2.6628e-08,0.00126294,1.60491e-06,1.14233e-07,1.4179e-06,5.29775e-08,0.00176962,8.89308e-07,3.45238e-08,0.000911891,1.87371e-07,7.48475e-05,0.000375144,1.09876e-07,3.07662e-07,7.36274e-05,0.000132242,0.00289524,6.65841e-08,0.00237206,8.6746e-08,0.00050264,5.01657e-05,0.00113555,1.5618e-08,2.36845e-08,0.000326056,8.19663e-09,7.85382e-07,5.10639e-05,8.47249e-05,0.00044422,0.000470713,0.0022006,3.27916e-05,9.09239e-10,2.28137e-05,1.36837e-08,3.19678e-08,2.64495e-08,2.49722e-08,0.00052487,2.61289e-08,3.44729e-05,4.28714e-05,7.31685e-05,5.35923e-05,3.00364e-05,1.81053e-08,1.59289e-12,3.9525e-10,3.98491e-09,1.19802e-17,8.18024e-10],
  [1.6439e-07,3.72484e-07,0.00861413,3.60467e-07,-0.0228457,3.00718e-07,7.31984e-06,2.17139e-07,1.0194e-07,0.0021803,1.30621e-07,7.1604e-07,3.2744e-07,7.34032e-10,0.000581349,9.76149e-07,6.48471e-06,0.00234912,8.74014e-06,5.07575e-08,9.41996e-08,1.25593e-05,4.8387e-07,5.56484e-07,2.823e-07,3.8593e-07,1.31519e-05,1.04211e-06,1.81173e-07,9.20686e-07,7.67823e-07,1.18602e-07,5.77454e-07,5.00367e-07,9.49619e-06,2.97169e-07,6.1326e-07,2.51426e-08,1.59248e-06,2.24441e-06,0.00150824,0.00270893,1.94042e-07,1.05602e-07,2.4702e-05,6.35364e-10,3.36875e-08,3.67435e-07,9.3041e-06,2.26358e-07,3.43269e-07,2.18527e-08,1.29998e-08,5.7294e-06,0.00104603,0.00173557,3.25366e-06,3.15477e-08,2.29165e-05,2.4018e-07,5.90396e-10,1.67097e-07,2.17023e-08,4.63322e-07,3.83343e-07,3.61932e-07,3.84437e-06,4.14404e-08,2.52494e-07,0.000878209,5.35917e-07,0.00109782,2.19999e-07,1.88543e-10,2.30864e-11,8.0966e-09,8.16299e-08,2.42942e-13,1.6757e-08],
  [8.64704e-08,0.00463651,3.5438e-07,0.00448692,3.00718e-07,-0.0455892,0.000833725,0.00270284,0.00126891,8.9696e-08,0.00162591,0.00891292,1.72236e-07,8.36059e-08,2.36756e-05,5.61876e-08,0.000660265,9.56688e-05,9.99505e-07,2.66988e-08,4.95497e-08,0.00100613,0.00602298,7.14961e-07,3.62694e-07,2.22143e-08,0.0010536,1.33889e-06,9.52982e-08,1.18288e-06,4.41963e-08,0.0014763,7.41903e-07,2.88014e-08,0.000760743,1.56313e-07,6.24413e-05,0.000312963,9.1664e-08,2.56666e-07,6.14235e-05,0.000110322,0.00241535,5.55476e-08,0.00197889,7.23676e-08,0.000419326,4.18506e-05,0.000947331,1.30293e-08,1.97587e-08,0.000272012,6.83802e-09,6.55203e-07,4.25999e-05,7.06815e-05,0.00037059,0.000392691,0.00183584,2.73563e-05,7.5853e-10,1.90323e-05,1.14156e-08,2.6669e-08,2.20654e-08,2.0833e-08,0.000437871,2.1798e-08,2.87589e-05,3.57653e-05,6.10406e-05,4.47092e-05,2.50578e-05,1.51043e-08,1.32886e-12,3.29737e-10,3.3244e-09,9.99447e-18,6.82434e-10],
  [3.185e-06,0.00103269,8.62601e-06,0.000999374,7.31984e-06,0.000833725,-0.00932942,0.000602006,0.000282624,2.18331e-06,0.00036214,0.00198518,6.34402e-06,4.36684e-10,4.15645e-06,2.7656e-05,6.73447e-05,1.67954e-05,2.56071e-05,9.83408e-07,1.82508e-06,1.26209e-05,0.0013415,1.74559e-05,8.85524e-06,1.09341e-05,1.32165e-05,3.26893e-05,3.51015e-06,2.88803e-05,2.17538e-05,0.000328818,1.81137e-05,1.41763e-05,9.54279e-06,5.75754e-06,6.3688e-06,6.97064e-05,4.51178e-05,6.57572e-06,1.07834e-05,1.93679e-05,0.000537971,2.046e-06,2.48232e-05,3.77985e-10,9.33967e-05,2.18591e-07,9.66244e-05,6.41312e-06,9.72541e-06,6.05853e-05,2.51867e-07,1.67861e-05,7.47876e-06,1.24087e-05,1.93563e-06,8.74644e-05,2.30289e-05,1.42885e-07,1.85197e-08,9.9408e-08,4.20474e-07,1.31267e-05,1.08608e-05,1.02542e-05,2.28706e-06,8.02892e-07,1.50211e-07,6.27889e-06,3.18823e-07,7.84906e-06,1.3088e-07,1.89469e-10,6.54077e-10,5.78879e-11,5.83626e-10,2.43277e-16,1.19807e-10],
  [6.24375e-08,0.00334787,2.55886e-07,0.00323986,2.17139e-07,0.00270284,0.000602006,-0.0336697,0.000916235,6.47666e-08,0.00117402,0.00643573,1.24366e-07,6.03691e-08,1.70954e-05,4.05712e-08,0.000476756,6.90793e-05,7.2171e-07,1.92784e-08,3.57782e-08,0.000726493,0.004349,5.1625e-07,2.61889e-07,1.60402e-08,0.000760774,9.66768e-07,6.88117e-08,8.54119e-07,3.19127e-08,0.00106599,5.35704e-07,2.07965e-08,0.000549307,1.12869e-07,4.50868e-05,0.00022598,6.61876e-08,1.8533e-07,4.43519e-05,7.966e-05,0.00174404,4.01091e-08,0.00142889,5.22543e-08,0.000302781,3.0219e-05,0.000684036,9.40801e-09,1.42671e-08,0.000196411,4.93751e-09,4.73101e-07,3.076e-05,5.10368e-05,0.000267591,0.00028355,0.0013256,1.97531e-05,5.4771e-10,1.37426e-05,8.24283e-09,1.92568e-08,1.59327e-08,1.50428e-08,0.000316173,1.57396e-08,2.07659e-05,2.5825e-05,4.40754e-05,3.22831e-05,1.80934e-05,1.09063e-08,9.59528e-13,2.38092e-10,2.40044e-09,7.21668e-18,4.92763e-10],
  [2.93126e-08,0.00157173,1.20131e-07,0.00152102,1.0194e-07,0.00126891,0.000282624,0.000916235,-0.016293,3.0406e-08,0.000551167,0.00302139,5.83862e-08,2.83415e-08,8.0258e-06,1.9047e-08,0.000223823,3.24307e-05,3.38822e-07,9.05063e-09,1.67968e-08,0.000341067,0.00204173,2.42364e-07,1.22949e-07,7.53042e-09,0.000357161,4.5387e-07,3.23051e-08,4.00984e-07,1.49821e-08,0.000500452,2.51497e-07,9.76336e-09,0.000257884,5.29886e-08,2.1167e-05,0.000106091,3.10731e-08,8.70071e-08,2.08219e-05,3.73981e-05,0.000818777,1.883e-08,0.000670822,2.45319e-08,0.000142147,1.41869e-05,0.000321135,4.41679e-09,6.698e-09,9.22091e-05,2.31802e-09,2.22107e-07,1.44409e-05,2.39603e-05,0.000125626,0.000133118,0.000622332,9.2735e-06,2.57134e-10,6.45175e-06,3.86977e-09,9.04052e-09,7.47994e-09,7.06216e-09,0.000148434,7.38928e-09,9.74898e-06,1.21241e-05,2.06921e-05,1.5156e-05,8.49432e-06,5.12019e-09,4.50471e-13,1.11777e-10,1.12694e-09,3.38802e-18,2.31338e-10],
  [4.9033e-08,1.11102e-07,0.00256936,1.07517e-07,0.0021803,8.9696e-08,2.18331e-06,6.47666e-08,3.0406e-08,-0.00834423,3.89607e-08,2.13575e-07,9.76663e-08,2.18942e-10,0.000173401,2.91158e-07,1.93421e-06,0.000700679,2.60694e-06,1.51396e-08,2.80972e-08,3.74609e-06,1.44325e-07,1.65984e-07,8.42023e-08,1.15112e-07,3.92286e-06,3.10834e-07,5.40388e-08,2.74615e-07,2.29021e-07,3.53758e-08,1.72239e-07,1.49246e-07,2.83245e-06,8.86374e-08,1.82919e-07,7.49934e-09,4.74993e-07,6.69445e-07,0.000449866,0.000808,5.78774e-08,3.14982e-08,7.36793e-06,1.89512e-10,1.00481e-08,1.09596e-07,2.77516e-06,6.75163e-08,1.02388e-07,6.51805e-09,3.87749e-09,1.70892e-06,0.000312002,0.000517672,9.70476e-07,9.40982e-09,6.83535e-06,7.16389e-08,1.76099e-10,4.98405e-08,6.47321e-09,1.38196e-07,1.14341e-07,1.07954e-07,1.14667e-06,1.23605e-08,7.5312e-08,0.000261946,1.59849e-07,0.00032745,6.56196e-08,5.62373e-11,6.88603e-12,2.41499e-09,2.43479e-08,7.24628e-14,4.99815e-09],
  [3.75597e-08,0.00201393,1.5393e-07,0.00194896,1.30621e-07,0.00162591,0.00036214,0.00117402,0.000551167,3.89607e-08,-0.020722,0.00387145,7.48131e-08,3.63154e-08,1.02839e-05,2.44059e-08,0.000286795,4.15551e-05,4.34149e-07,1.1597e-08,2.15226e-08,0.000437026,0.00261617,3.10554e-07,1.57541e-07,9.6491e-09,0.000457648,5.81566e-07,4.13941e-08,5.13801e-07,1.91973e-08,0.000641254,3.22256e-07,1.25103e-08,0.000330439,6.78969e-08,2.71223e-05,0.00013594,3.98156e-08,1.11486e-07,2.66802e-05,4.792e-05,0.00104914,2.41279e-08,0.000859558,3.14339e-08,0.00018214,1.81784e-05,0.000411487,5.65945e-09,8.58248e-09,0.000118152,2.97019e-09,2.84597e-07,1.85039e-05,3.07015e-05,0.000160971,0.000170571,0.000797425,1.18826e-05,3.29478e-10,8.26695e-06,4.95852e-09,1.15841e-08,9.58442e-09,9.04909e-09,0.000190196,9.46825e-09,1.24918e-05,1.55352e-05,2.65139e-05,1.94201e-05,1.08842e-05,6.56076e-09,5.7721e-13,1.43226e-10,1.444e-09,4.34124e-18,2.96425e-10],
  [2.05894e-07,0.01104,8.43812e-07,0.0106838,7.1604e-07,0.00891292,0.00198518,0.00643573,0.00302139,2.13575e-07,0.00387145,-0.0962427,4.1011e-07,1.99074e-07,5.6374e-05,1.33788e-07,0.00157215,0.000227797,2.37992e-06,6.35725e-08,1.17983e-07,0.00239569,0.0143413,1.70239e-06,8.63609e-07,5.28944e-08,0.00250874,3.18803e-06,2.26914e-07,2.81655e-06,1.05236e-07,0.00351522,1.76654e-06,6.85788e-08,0.0018114,3.72197e-07,0.000148679,0.000745195,2.18261e-07,6.11146e-07,0.000146255,0.000262688,0.00575117,1.32264e-07,0.00471192,1.72314e-07,0.000998455,9.96504e-05,0.00225569,3.1024e-08,4.70474e-08,0.000647686,1.6282e-08,1.5601e-06,0.000101435,0.000168299,0.000882409,0.000935036,0.00437132,6.5138e-05,1.80613e-09,4.53177e-05,2.71816e-08,6.35015e-08,5.25398e-08,4.96053e-08,0.00104261,5.1903e-08,6.84778e-05,8.51607e-05,0.000145344,0.000106457,5.96649e-05,3.59647e-08,3.16415e-12,7.85135e-10,7.91572e-09,2.37978e-17,1.62494e-09],
  [0.00127996,2.1334e-07,3.85869e-07,2.06457e-07,3.2744e-07,1.72236e-07,6.34402e-06,1.24366e-07,5.83862e-08,9.76663e-08,7.48131e-08,4.1011e-07,-0.0143597,6.36178e-10,1.17691e-06,0.000559795,1.12827e-07,4.75567e-06,0.00171632,0.000395205,0.000733451,5.05526e-06,2.77135e-07,2.25154e-06,1.14219e-06,0.00022132,5.2938e-06,4.2164e-06,0.00141064,3.7251e-06,0.000440326,6.79292e-08,2.33638e-06,0.000286947,3.82233e-06,0.0023138,1.06701e-08,1.44004e-08,0.000913244,0.000440738,3.05334e-06,5.48408e-06,1.11137e-07,0.000822233,9.94285e-06,5.50663e-10,1.92944e-08,3.18452e-07,1.61881e-07,0.00012981,0.000196855,1.25161e-08,0.000101219,0.00112509,2.11763e-06,3.51356e-06,2.81991e-06,1.80689e-08,9.22414e-06,2.08161e-07,2.38874e-09,1.44821e-07,0.000168977,0.000265702,0.000219836,0.000207558,3.33187e-06,0.000322661,2.18834e-07,1.77789e-06,4.64473e-07,2.22248e-06,1.90671e-07,7.5891e-11,1.32394e-08,1.63911e-11,1.65255e-10,1.08826e-17,3.39236e-11],
  [3.19391e-10,1.03558e-07,8.65016e-10,1.00217e-07,7.34032e-10,8.36059e-08,4.36684e-10,6.03691e-08,2.83415e-08,2.18942e-10,3.63154e-08,1.99074e-07,6.36178e-10,-9.3599e-07,4.16808e-10,2.77334e-09,6.75332e-09,1.68424e-09,2.56787e-09,9.8616e-11,1.83019e-10,1.26562e-09,1.34526e-07,1.75048e-09,8.88003e-10,1.09647e-09,1.32535e-09,3.27808e-09,3.51998e-10,2.89611e-09,2.18147e-09,3.29738e-08,1.81644e-09,1.42159e-09,9.5695e-10,5.77366e-10,6.38662e-10,6.99015e-09,4.5244e-09,6.59412e-10,1.08136e-09,1.94221e-09,5.39477e-08,2.05173e-10,2.48927e-09,3.79043e-14,9.36581e-09,2.19203e-11,9.68949e-09,6.43107e-10,9.75263e-10,6.07549e-09,2.52572e-11,1.68331e-09,7.49969e-10,1.24434e-09,1.94105e-10,8.77092e-09,2.30934e-09,1.43285e-11,1.85715e-12,9.96862e-12,4.21651e-11,1.31635e-09,1.08912e-09,1.02829e-09,2.29346e-10,8.05139e-11,1.50632e-11,6.29647e-10,3.19715e-11,7.87103e-10,1.31246e-11,1.89999e-14,6.55908e-14,5.80499e-15,5.85259e-14,2.43958e-20,1.20142e-14],
  [5.90864e-07,2.93258e-05,0.000685088,2.83797e-05,0.000581349,2.36756e-05,4.15645e-06,1.70954e-05,8.0258e-06,0.000173401,1.02839e-05,5.6374e-05,1.17691e-06,4.16808e-10,-0.00219779,1.47548e-06,2.51839e-06,8.81021e-05,7.96045e-06,1.82437e-07,3.3858e-07,5.38055e-06,3.80952e-05,1.40631e-06,7.13411e-07,5.83344e-07,5.63444e-06,2.63357e-06,6.51185e-07,2.3267e-06,1.16059e-06,9.33759e-06,1.45931e-06,7.56319e-07,4.06828e-06,1.06811e-06,2.38165e-07,1.97948e-06,2.40708e-06,2.04419e-06,5.65653e-05,0.000101596,1.5277e-05,3.79564e-07,1.05826e-05,3.60781e-10,2.65223e-06,2.08642e-07,3.61332e-06,3.42147e-07,5.18861e-07,1.72047e-06,4.6725e-08,5.21829e-06,3.92306e-05,6.50911e-05,1.84754e-06,2.48376e-06,9.81768e-06,1.36382e-07,1.49201e-09,9.48835e-08,7.80042e-08,7.00324e-07,5.79434e-07,5.4707e-07,2.18296e-06,1.48948e-07,1.43375e-07,3.29366e-05,3.04312e-07,4.1173e-05,1.24923e-07,8.07742e-11,3.48957e-11,3.03657e-10,3.06147e-09,1.93213e-14,6.28458e-10],
  [0.000281043,6.95967e-08,1.15034e-06,6.73513e-08,9.76149e-07,5.61876e-08,2.7656e-05,4.05712e-08,1.9047e-08,2.91158e-07,2.44059e-08,1.33788e-07,0.000559795,2.77334e-09,1.47548e-06,-0.0108767,0.00101849,5.96212e-06,0.00140333,8.67756e-05,0.000161045,2.32161e-06,9.04084e-08,6.02273e-06,3.05528e-06,0.000249885,2.43115e-06,1.12786e-05,0.000309735,9.96442e-06,0.000497156,2.21602e-08,6.24968e-06,0.000323981,1.75539e-06,0.000508044,9.63184e-05,4.69775e-09,0.00103111,0.000360365,3.82794e-06,6.87533e-06,3.62557e-08,0.000180539,4.56621e-06,2.40055e-09,6.29433e-09,1.38825e-06,0.0014613,0.000146564,0.000222262,4.08305e-09,2.22247e-05,0.00091992,2.65485e-06,4.4049e-06,1.2293e-05,5.89452e-09,4.23614e-06,9.07453e-07,6.38975e-09,6.31332e-07,3.71025e-05,0.000299995,0.00024821,0.000234346,1.45249e-05,7.08469e-05,9.5398e-07,2.22891e-06,2.02482e-06,2.7863e-06,8.31206e-07,3.48526e-11,1.49481e-08,2.05493e-11,2.07178e-10,3.24426e-17,4.25296e-11],
  [5.66445e-08,0.000817836,7.64187e-06,0.00079145,6.48471e-06,0.000660265,6.73447e-05,0.000476756,0.000223823,1.93421e-06,0.000286795,0.00157215,1.12827e-07,6.75332e-09,2.51839e-06,0.00101849,-0.0200212,1.01763e-05,0.000499217,1.74897e-08,3.24587e-08,2.95816e-05,0.0010624,0.000874422,0.000443587,0.000402668,3.09775e-05,0.00163751,6.24274e-08,0.0014467,0.000801125,0.000260406,0.000907373,0.000522069,2.23669e-05,1.02397e-07,1.59622e-05,5.52037e-05,0.00166155,0.000128196,6.53365e-06,1.1735e-05,0.000426044,3.63877e-08,5.81821e-05,5.84554e-09,7.39651e-05,3.38051e-06,0.000242171,0.000236176,0.000358157,4.79802e-05,4.4794e-09,0.000327251,4.53138e-06,7.51843e-06,2.99346e-05,6.9267e-05,5.39764e-05,2.20973e-06,9.27709e-07,1.53735e-06,7.47805e-09,0.000483417,0.000399969,0.000377629,3.53694e-05,1.42793e-08,2.32302e-06,3.80438e-06,4.9306e-06,4.75574e-06,2.02406e-06,4.44087e-10,2.40877e-08,3.50743e-11,3.53619e-10,2.15521e-16,7.25909e-11],
  [2.38757e-06,0.0001185,0.00276831,0.000114677,0.00234912,9.56688e-05,1.67954e-05,6.90793e-05,3.24307e-05,0.000700679,4.15551e-05,0.000227797,4.75567e-06,1.68424e-09,8.81021e-05,5.96212e-06,1.01763e-05,-0.00861296,3.21667e-05,7.37192e-07,1.36814e-06,2.17418e-05,0.000153935,5.68264e-06,2.88276e-06,2.35718e-06,2.27677e-05,1.06417e-05,2.63131e-06,9.40175e-06,4.68971e-06,3.77314e-05,5.89678e-06,3.05614e-06,1.64391e-05,4.31603e-06,9.62378e-07,7.99871e-06,9.72655e-06,8.26017e-06,0.00022857,0.000410532,6.17314e-05,1.53374e-06,4.27624e-05,1.45785e-09,1.07171e-05,8.43082e-07,1.46007e-05,1.38255e-06,2.09662e-06,6.95207e-06,1.88807e-07,2.10861e-05,0.000158523,0.000263021,7.46554e-06,1.00364e-05,3.96714e-05,5.51094e-07,6.02894e-09,3.83406e-07,3.152e-07,2.82988e-06,2.34138e-06,2.21061e-06,8.82093e-06,6.01872e-07,5.7935e-07,0.00013309,1.22967e-06,0.000166372,5.04789e-07,3.26393e-10,1.41007e-10,1.22702e-09,1.23708e-08,7.80738e-14,2.53948e-09],
  [0.000861671,1.23804e-06,1.02998e-05,1.19809e-06,8.74014e-06,9.99505e-07,2.56071e-05,7.2171e-07,3.38822e-07,2.60694e-06,4.34149e-07,2.37992e-06,0.00171632,2.56787e-09,7.96045e-06,0.00140333,0.000499217,3.21667e-05,-0.0176843,0.000266052,0.000493759,2.69432e-05,1.60825e-06,9.15963e-05,4.64661e-05,0.000554819,2.82146e-05,0.00017153,0.000949639,0.000151543,0.00110383,3.94201e-07,9.50479e-05,0.000719335,2.0372e-05,0.00155765,4.7211e-05,8.35669e-08,0.00228938,3.13142e-06,2.06524e-05,3.70935e-05,6.44943e-07,0.000553527,5.29928e-05,2.2227e-09,1.11968e-07,1.2854e-06,0.000716264,0.000325416,0.000493489,7.26322e-08,6.81402e-05,7.99371e-06,1.43233e-05,2.37652e-05,1.13823e-05,1.04856e-07,4.91622e-05,8.40223e-07,9.71782e-08,5.84558e-07,0.000113755,0.000666079,0.0005511,0.000520319,1.34488e-05,0.000217215,8.83303e-07,1.20254e-05,1.8748e-06,1.50326e-05,7.69625e-07,4.04479e-10,3.31893e-08,1.10867e-10,1.11776e-09,2.90481e-16,2.29454e-10],
  [0.000198411,3.30705e-08,5.98149e-08,3.20035e-08,5.07575e-08,2.66988e-08,9.83408e-07,1.92784e-08,9.05063e-09,1.51396e-08,1.1597e-08,6.35725e-08,0.000395205,9.8616e-11,1.82437e-07,8.67756e-05,1.74897e-08,7.37192e-07,0.000266052,-0.00255989,0.000113695,7.83633e-07,4.29596e-08,3.49018e-07,1.77054e-07,3.43075e-05,8.2061e-07,6.53597e-07,0.000218667,5.77439e-07,6.82563e-05,1.05299e-08,3.6217e-07,4.44805e-05,5.92512e-07,0.00035867,1.654e-09,2.23225e-09,0.000141565,6.83202e-05,4.73309e-07,8.50106e-07,1.72278e-08,0.000127457,1.54127e-06,8.53601e-11,2.99089e-09,4.93643e-08,2.50938e-08,2.01223e-05,3.05152e-05,1.94016e-09,1.56902e-05,0.000174404,3.28261e-07,5.44648e-07,4.37123e-07,2.80092e-09,1.42986e-06,3.22677e-08,3.70287e-10,2.24492e-08,2.61937e-05,4.11874e-05,3.40776e-05,3.21742e-05,5.16484e-07,5.00167e-05,3.39222e-08,2.75596e-07,7.19995e-08,3.44514e-07,2.95565e-08,1.17641e-11,2.05228e-09,2.54084e-12,2.56167e-11,1.68694e-18,5.25861e-12],
  [0.000368227,6.13747e-08,1.11009e-07,5.93945e-08,9.41996e-08,4.95497e-08,1.82508e-06,3.57782e-08,1.67968e-08,2.80972e-08,2.15226e-08,1.17983e-07,0.000733451,1.83019e-10,3.3858e-07,0.000161045,3.24587e-08,1.36814e-06,0.000493759,0.000113695,-0.00465353,1.45433e-06,7.97278e-08,6.47734e-07,3.2859e-07,6.36705e-05,1.52295e-06,1.213e-06,0.000405819,1.07166e-06,0.000126675,1.95422e-08,6.72142e-07,8.25503e-05,1.09963e-06,0.000665647,3.06962e-09,4.14277e-09,0.000262727,0.000126794,8.78402e-07,1.57769e-06,3.19726e-08,0.000236544,2.86041e-06,1.58418e-10,5.55073e-09,9.16139e-08,4.65709e-08,3.73444e-05,5.66324e-05,3.60069e-09,2.91191e-05,0.000323673,6.09211e-07,1.0108e-06,8.11246e-07,5.19816e-09,2.65365e-06,5.98849e-08,6.87207e-10,4.1663e-08,4.86123e-05,7.64387e-05,6.32437e-05,5.97113e-05,9.58531e-07,9.28247e-05,6.29553e-08,5.11472e-07,1.33622e-07,6.39376e-07,5.48532e-08,2.18327e-11,3.80878e-09,4.71548e-12,4.75415e-11,3.13075e-18,9.75933e-12],
  [2.53798e-06,0.00124624,1.48004e-05,0.00120603,1.25593e-05,0.00100613,1.26209e-05,0.000726493,0.000341067,3.74609e-06,0.000437026,0.00239569,5.05526e-06,1.26562e-09,5.38055e-06,2.32161e-06,2.95816e-05,2.17418e-05,2.69432e-05,7.83633e-07,1.45433e-06,-0.0108449,0.00161891,1.14526e-05,5.8098e-06,9.17869e-07,8.67934e-06,2.1447e-05,2.79708e-06,1.89479e-05,1.82614e-06,0.000396813,1.18841e-05,1.19004e-06,6.26681e-06,4.58792e-06,2.79754e-06,8.41207e-05,3.78745e-06,6.91883e-06,1.39592e-05,2.50719e-05,0.000649217,1.63037e-06,1.63016e-05,1.0955e-09,0.00011271,6.33534e-07,4.24429e-05,5.38354e-07,8.16407e-07,7.31135e-05,2.00701e-07,1.7662e-05,9.6813e-06,1.60631e-05,5.60998e-06,0.000105551,1.51232e-05,4.1412e-07,1.21505e-08,2.88111e-07,3.35057e-07,1.10193e-06,9.11716e-07,8.60793e-07,6.62849e-06,6.39788e-07,4.35352e-07,8.12806e-06,9.24032e-07,1.01607e-05,3.79324e-07,1.24425e-10,5.4907e-11,7.49362e-11,7.55507e-10,4.17412e-16,1.55091e-10],
  [1.39135e-07,0.00746035,5.70213e-07,0.00721966,4.8387e-07,0.00602298,0.0013415,0.004349,0.00204173,1.44325e-07,0.00261617,0.0143413,2.77135e-07,1.34526e-07,3.80952e-05,9.04084e-08,0.0010624,0.000153935,1.60825e-06,4.29596e-08,7.97278e-08,0.00161891,-0.0696868,1.1504e-06,5.83591e-07,3.57438e-08,0.0016953,2.15433e-06,1.53339e-07,1.90331e-06,7.11138e-08,0.00237544,1.19375e-06,4.63427e-08,0.00122407,2.51515e-07,0.000100471,0.000503571,1.47491e-07,4.12987e-07,9.88332e-05,0.000177513,0.0038864,8.93785e-08,0.00318412,1.16443e-07,0.000674714,6.73396e-05,0.0015243,2.09647e-08,3.17927e-08,0.000437679,1.10027e-08,1.05425e-06,6.85452e-05,0.00011373,0.000596295,0.000631858,0.00295396,4.40175e-05,1.22051e-09,3.06238e-05,1.83682e-08,4.29117e-08,3.55042e-08,3.35212e-08,0.000704555,3.50739e-08,4.62744e-05,5.75481e-05,9.82171e-05,7.19391e-05,4.03191e-05,2.43035e-08,2.1382e-12,5.30561e-10,5.34911e-09,1.60816e-17,1.09807e-09],
  [1.13038e-06,8.85585e-07,6.55785e-07,8.57014e-07,5.56484e-07,7.14961e-07,1.74559e-05,5.1625e-07,2.42364e-07,1.65984e-07,3.10554e-07,1.70239e-06,2.25154e-06,1.75048e-09,1.40631e-06,6.02273e-06,0.000874422,5.68264e-06,9.15963e-05,3.49018e-07,6.47734e-07,1.14526e-05,1.1504e-06,-0.0242267,0.00216411,2.38114e-06,1.1993e-05,0.00798883,1.24578e-06,0.00705796,4.73739e-06,2.81978e-07,0.00442675,3.08721e-06,8.6594e-06,2.04339e-06,8.26942e-05,5.97767e-08,9.82543e-06,2.35213e-05,3.6485e-06,6.55304e-06,4.61337e-07,7.2614e-07,2.25253e-05,1.51518e-09,8.00923e-08,8.76238e-07,0.0012546,1.3966e-06,2.11793e-06,5.19549e-08,8.93893e-08,6.00439e-05,2.5304e-06,4.19842e-06,7.75913e-06,7.50051e-08,2.08971e-05,5.72766e-07,4.52597e-06,3.98484e-07,1.49229e-07,2.85864e-06,2.36518e-06,2.23308e-06,9.16783e-06,2.84952e-07,6.02133e-07,2.12443e-06,1.27802e-06,2.65569e-06,5.24641e-07,1.71929e-10,1.4244e-10,1.95861e-11,1.97467e-10,1.84949e-17,4.0536e-11],
  [5.7343e-07,4.4925e-07,3.32674e-07,4.34756e-07,2.823e-07,3.62694e-07,8.85524e-06,2.61889e-07,1.22949e-07,8.42023e-08,1.57541e-07,8.63609e-07,1.14219e-06,8.88003e-10,7.13411e-07,3.05528e-06,0.000443587,2.88276e-06,4.64661e-05,1.77054e-07,3.2859e-07,5.8098e-06,5.83591e-07,0.00216411,-0.0133563,1.20793e-06,6.08394e-06,0.00405266,6.31972e-07,0.00358044,2.40324e-06,1.43045e-07,0.00224565,1.56611e-06,4.39284e-06,1.0366e-06,4.19501e-05,3.03242e-08,4.98436e-06,1.19322e-05,1.85085e-06,3.3243e-06,2.34032e-07,3.68365e-07,1.14269e-05,7.68638e-10,4.06302e-08,4.44508e-07,0.000636447,7.08485e-07,1.07441e-06,2.63563e-08,4.53464e-08,3.04598e-05,1.28365e-06,2.12982e-06,3.93614e-06,3.80494e-08,1.06009e-05,2.9056e-07,2.29598e-06,2.02148e-07,7.57027e-08,1.45017e-06,1.19984e-06,1.13282e-06,4.65076e-06,1.44554e-07,3.05457e-07,1.07771e-06,6.48331e-07,1.34721e-06,2.66146e-07,8.72183e-11,7.22588e-11,9.93584e-12,1.00173e-10,9.38232e-18,2.05636e-11],
  [0.000111113,2.75157e-08,4.54796e-07,2.6628e-08,3.8593e-07,2.22143e-08,1.09341e-05,1.60402e-08,7.53042e-09,1.15112e-07,9.6491e-09,5.28944e-08,0.00022132,1.09647e-09,5.83344e-07,0.000249885,0.000402668,2.35718e-06,0.000554819,3.43075e-05,6.36705e-05,9.17869e-07,3.57438e-08,2.38114e-06,1.20793e-06,-0.0044513,9.6118e-07,4.45911e-06,0.000122457,3.93953e-06,0.000196555,8.76124e-09,2.47087e-06,0.000128089,6.94008e-07,0.00020086,3.80804e-05,1.8573e-09,0.00040766,0.000142474,1.51341e-06,2.71823e-06,1.4334e-08,7.13776e-05,1.80529e-06,9.4908e-10,2.48852e-09,5.48859e-07,0.000577738,5.79454e-05,8.78735e-05,1.61427e-09,8.78673e-06,0.000363699,1.04962e-06,1.74152e-06,4.86017e-06,2.33046e-09,1.6748e-06,3.5877e-07,2.52625e-09,2.49603e-07,1.46688e-05,0.000118606,9.8132e-05,9.2651e-05,5.74255e-06,2.801e-05,3.77165e-07,8.81222e-07,8.0053e-07,1.10159e-06,3.28625e-07,1.37793e-11,5.90989e-09,8.12437e-12,8.19099e-11,1.28265e-17,1.68145e-11],
  [2.65774e-06,0.00130505,1.54988e-05,0.00126294,1.31519e-05,0.0010536,1.32165e-05,0.000760774,0.000357161,3.92286e-06,0.000457648,0.00250874,5.2938e-06,1.32535e-09,5.63444e-06,2.43115e-06,3.09775e-05,2.27677e-05,2.82146e-05,8.2061e-07,1.52295e-06,8.67934e-06,0.0016953,1.1993e-05,6.08394e-06,9.6118e-07,-0.0113562,2.2459e-05,2.92907e-06,1.9842e-05,1.91231e-06,0.000415538,1.24449e-05,1.24619e-06,6.56252e-06,4.80441e-06,2.92954e-06,8.80901e-05,3.96616e-06,7.24531e-06,1.46178e-05,2.6255e-05,0.000679851,1.7073e-06,1.70708e-05,1.14719e-09,0.000118028,6.63429e-07,4.44457e-05,5.63757e-07,8.54931e-07,7.65635e-05,2.10172e-07,1.84954e-05,1.01381e-05,1.68211e-05,5.8747e-06,0.000110531,1.58369e-05,4.33661e-07,1.27238e-08,3.01706e-07,3.50867e-07,1.15393e-06,9.54737e-07,9.01411e-07,6.94127e-06,6.69978e-07,4.55895e-07,8.5116e-06,9.67635e-07,1.06401e-05,3.97223e-07,1.30297e-10,5.74979e-11,7.84722e-11,7.91157e-10,4.37108e-16,1.62409e-10],
  [2.11683e-06,1.65841e-06,1.22807e-06,1.60491e-06,1.04211e-06,1.33889e-06,3.26893e-05,9.66768e-07,4.5387e-07,3.10834e-07,5.81566e-07,3.18803e-06,4.2164e-06,3.27808e-09,2.63357e-06,1.12786e-05,0.00163751,1.06417e-05,0.00017153,6.53597e-07,1.213e-06,2.1447e-05,2.15433e-06,0.00798883,0.00405266,4.45911e-06,2.2459e-05,-0.0383971,2.33293e-06,0.0132173,8.87158e-06,5.28053e-07,0.00828987,5.78134e-06,1.62162e-05,3.82661e-06,0.000154859,1.11942e-07,1.83998e-05,4.40477e-05,6.83245e-06,1.22717e-05,8.63935e-07,1.35982e-06,4.21826e-05,2.83744e-09,1.49987e-07,1.64091e-06,0.00234945,2.61538e-06,3.9662e-06,9.72946e-08,1.67397e-07,0.000112443,4.73861e-06,7.86227e-06,1.45303e-05,1.4046e-07,3.91334e-05,1.0726e-06,8.47566e-06,7.46231e-07,2.79458e-07,5.35331e-06,4.42922e-06,4.18183e-06,1.71684e-05,5.33622e-07,1.1276e-06,3.97837e-06,2.39332e-06,4.97324e-06,9.82481e-07,3.21968e-10,2.66744e-10,3.66783e-11,3.69791e-10,3.4635e-17,7.59107e-11],
  [0.000708205,1.18041e-07,2.13502e-07,1.14233e-07,1.81173e-07,9.52982e-08,3.51015e-06,6.88117e-08,3.23051e-08,5.40388e-08,4.13941e-08,2.26914e-07,0.00141064,3.51998e-10,6.51185e-07,0.000309735,6.24274e-08,2.63131e-06,0.000949639,0.000218667,0.000405819,2.79708e-06,1.53339e-07,1.24578e-06,6.31972e-07,0.000122457,2.92907e-06,2.33293e-06,-0.00857538,2.0611e-06,0.000243632,3.75853e-08,1.29272e-06,0.000158768,2.1149e-06,0.00128023,5.90376e-09,7.96773e-09,0.000505298,0.000243861,1.68942e-06,3.03435e-06,6.14923e-08,0.000454942,5.50139e-06,3.04682e-10,1.06756e-08,1.762e-07,8.95691e-08,7.1824e-05,0.00010892,6.92515e-09,5.60043e-05,0.000622514,1.17169e-06,1.94405e-06,1.56026e-06,9.99753e-09,5.10373e-06,1.15176e-07,1.32169e-09,8.01298e-08,9.34953e-05,0.000147013,0.000121636,0.000114842,1.84353e-06,0.000178528,1.21081e-07,9.83705e-07,2.56993e-07,1.2297e-06,1.05498e-07,4.19905e-11,7.32537e-09,9.06921e-12,9.14358e-11,6.02133e-18,1.877e-11],
  [1.87017e-06,1.46517e-06,1.08498e-06,1.4179e-06,9.20686e-07,1.18288e-06,2.88803e-05,8.54119e-07,4.00984e-07,2.74615e-07,5.13801e-07,2.81655e-06,3.7251e-06,2.89611e-09,2.3267e-06,9.96442e-06,0.0014467,9.40175e-06,0.000151543,5.77439e-07,1.07166e-06,1.89479e-05,1.90331e-06,0.00705796,0.00358044,3.93953e-06,1.9842e-05,0.0132173,2.0611e-06,-0.0354631,7.83785e-06,4.66524e-07,0.00732392,5.10769e-06,1.43267e-05,3.38073e-06,0.000136815,9.88987e-08,1.62559e-05,3.89153e-05,6.03633e-06,1.08418e-05,7.63268e-07,1.20138e-06,3.72674e-05,2.50682e-09,1.3251e-07,1.44971e-06,0.00207569,2.31064e-06,3.50405e-06,8.59578e-08,1.47892e-07,9.93408e-05,4.18646e-06,6.94615e-06,1.28372e-05,1.24093e-07,3.45736e-05,9.47624e-07,7.48807e-06,6.59279e-07,2.46895e-07,4.72954e-06,3.91312e-06,3.69456e-06,1.51679e-05,4.71444e-07,9.9621e-07,3.5148e-06,2.11445e-06,4.39375e-06,8.68002e-07,2.84452e-10,2.35663e-10,3.24045e-11,3.26702e-10,3.05993e-17,6.70655e-11],
  [0.000221064,5.47437e-08,9.04836e-07,5.29775e-08,7.67823e-07,4.41963e-08,2.17538e-05,3.19127e-08,1.49821e-08,2.29021e-07,1.91973e-08,1.05236e-07,0.000440326,2.18147e-09,1.16059e-06,0.000497156,0.000801125,4.68971e-06,0.00110383,6.82563e-05,0.000126675,1.82614e-06,7.11138e-08,4.73739e-06,2.40324e-06,0.000196555,1.91231e-06,8.87158e-06,0.000243632,7.83785e-06,-0.00866155,1.74309e-08,4.9159e-06,0.000254839,1.38076e-06,0.000399619,7.57625e-05,3.69518e-09,0.000811056,0.000283457,3.011e-06,5.40802e-06,2.85182e-08,0.000142009,3.59171e-06,1.88823e-09,4.95102e-09,1.09198e-06,0.00114943,0.000115285,0.000174828,3.21166e-09,1.74816e-05,0.000723594,2.08826e-06,3.46483e-06,9.66952e-06,4.63654e-09,3.33208e-06,7.13788e-07,5.02608e-09,4.96595e-07,2.91843e-05,0.000235971,0.000195238,0.000184333,1.14251e-05,5.57271e-05,7.50385e-07,1.75323e-06,1.59269e-06,2.19166e-06,6.53813e-07,2.74145e-11,1.1758e-08,1.61638e-11,1.62963e-10,2.55188e-17,3.34531e-11],
  [3.41036e-08,0.00182862,1.39766e-07,0.00176962,1.18602e-07,0.0014763,0.000328818,0.00106599,0.000500452,3.53758e-08,0.000641254,0.00351522,6.79292e-08,3.29738e-08,9.33759e-06,2.21602e-08,0.000260406,3.77314e-05,3.94201e-07,1.05299e-08,1.95422e-08,0.000396813,0.00237544,2.81978e-07,1.43045e-07,8.76124e-09,0.000415538,5.28053e-07,3.75853e-08,4.66524e-07,1.74309e-08,-0.0188743,2.92604e-07,1.13592e-08,0.000300034,6.16494e-08,2.46266e-05,0.000123431,3.61519e-08,1.01228e-07,2.42252e-05,4.35106e-05,0.000952603,2.19077e-08,0.000780465,2.85415e-08,0.000165381,1.65057e-05,0.000373624,5.1387e-09,7.79277e-09,0.00010728,2.69689e-09,2.5841e-07,1.68013e-05,2.78765e-05,0.000146159,0.000154876,0.00072405,1.07892e-05,2.99162e-10,7.50626e-06,4.50227e-09,1.05182e-08,8.70251e-09,8.21644e-09,0.000172695,8.59703e-09,1.13424e-05,1.41057e-05,2.40742e-05,1.76331e-05,9.88268e-06,5.95707e-09,5.24099e-13,1.30047e-10,1.31113e-09,3.94178e-18,2.69149e-10],
  [1.17297e-06,9.18957e-07,6.80497e-07,8.89308e-07,5.77454e-07,7.41903e-07,1.81137e-05,5.35704e-07,2.51497e-07,1.72239e-07,3.22256e-07,1.76654e-06,2.33638e-06,1.81644e-09,1.45931e-06,6.24968e-06,0.000907373,5.89678e-06,9.50479e-05,3.6217e-07,6.72142e-07,1.18841e-05,1.19375e-06,0.00442675,0.00224565,2.47087e-06,1.24449e-05,0.00828987,1.29272e-06,0.00732392,4.9159e-06,2.92604e-07,-0.0249728,3.20354e-06,8.9857e-06,2.12039e-06,8.58103e-05,6.20292e-08,1.01957e-05,2.44076e-05,3.78599e-06,6.79997e-06,4.78722e-07,7.53503e-07,2.33741e-05,1.57228e-09,8.31104e-08,9.09257e-07,0.00130187,1.44923e-06,2.19774e-06,5.39127e-08,9.27577e-08,6.23065e-05,2.62575e-06,4.35663e-06,8.05151e-06,7.78314e-08,2.16845e-05,5.9435e-07,4.69652e-06,4.135e-07,1.54853e-07,2.96637e-06,2.45431e-06,2.31723e-06,9.5133e-06,2.95689e-07,6.24823e-07,2.20448e-06,1.32618e-06,2.75576e-06,5.44411e-07,1.78408e-10,1.47808e-10,2.03241e-11,2.04908e-10,1.91919e-17,4.20635e-11],
  [0.000144061,3.56748e-08,5.89654e-07,3.45238e-08,5.00367e-07,2.88014e-08,1.41763e-05,2.07965e-08,9.76336e-09,1.49246e-07,1.25103e-08,6.85788e-08,0.000286947,1.42159e-09,7.56319e-07,0.000323981,0.000522069,3.05614e-06,0.000719335,4.44805e-05,8.25503e-05,1.19004e-06,4.63427e-08,3.08721e-06,1.56611e-06,0.000128089,1.24619e-06,5.78134e-06,0.000158768,5.10769e-06,0.000254839,1.13592e-08,3.20354e-06,-0.00573323,8.99798e-07,0.00026042,4.93721e-05,2.40803e-09,0.00052854,0.00018472,1.96217e-06,3.52424e-06,1.85844e-08,9.25428e-05,2.34061e-06,1.2305e-09,3.22643e-09,7.11608e-07,0.00074905,7.51276e-05,0.00011393,2.09294e-09,1.13922e-05,0.000471544,1.36086e-06,2.25792e-06,6.30133e-06,3.02149e-09,2.17142e-06,4.65154e-07,3.27534e-09,3.23616e-07,1.90185e-05,0.000153775,0.00012723,0.000120124,7.44536e-06,3.63156e-05,4.89003e-07,1.14252e-06,1.03791e-06,1.42824e-06,4.2607e-07,1.78652e-11,7.66231e-09,1.05334e-11,1.06198e-10,1.66298e-17,2.18004e-11],
  [1.91899e-06,0.000942293,1.11907e-05,0.000911891,9.49619e-06,0.000760743,9.54279e-06,0.000549307,0.000257884,2.83245e-06,0.000330439,0.0018114,3.82233e-06,9.5695e-10,4.06828e-06,1.75539e-06,2.23669e-05,1.64391e-05,2.0372e-05,5.92512e-07,1.09963e-06,6.26681e-06,0.00122407,8.6594e-06,4.39284e-06,6.94008e-07,6.56252e-06,1.62162e-05,2.1149e-06,1.43267e-05,1.38076e-06,0.000300034,8.9857e-06,8.99798e-07,-0.00820145,3.46897e-06,2.11524e-06,6.36044e-05,2.86372e-06,5.23139e-06,1.05546e-05,1.89571e-05,0.000490878,1.23273e-06,1.23258e-05,8.28317e-10,8.5221e-05,4.79021e-07,3.20914e-05,4.07054e-07,6.17292e-07,5.52818e-05,1.51752e-07,1.33544e-05,7.32011e-06,1.21455e-05,4.24176e-06,7.98079e-05,1.14348e-05,3.13119e-07,9.1871e-09,2.17843e-07,2.53339e-07,8.33181e-07,6.89356e-07,6.50853e-07,5.01186e-06,4.83749e-07,3.29174e-07,6.1457e-06,6.98669e-07,7.68256e-06,2.8681e-07,9.40791e-11,4.15157e-11,5.66599e-11,5.71245e-10,3.15609e-16,1.17265e-10],
  [0.00116164,1.93617e-07,3.50197e-07,1.87371e-07,2.97169e-07,1.56313e-07,5.75754e-06,1.12869e-07,5.29886e-08,8.86374e-08,6.78969e-08,3.72197e-07,0.0023138,5.77366e-10,1.06811e-06,0.000508044,1.02397e-07,4.31603e-06,0.00155765,0.00035867,0.000665647,4.58792e-06,2.51515e-07,2.04339e-06,1.0366e-06,0.00020086,4.80441e-06,3.82661e-06,0.00128023,3.38073e-06,0.000399619,6.16494e-08,2.12039e-06,0.00026042,3.46897e-06,-0.0132461,9.68367e-09,1.30691e-08,0.000828818,0.000399993,2.77107e-06,4.9771e-06,1.00863e-07,0.000746221,9.02368e-06,4.99757e-10,1.75107e-08,2.89012e-07,1.46916e-07,0.00011781,0.000178657,1.1359e-08,9.18613e-05,0.00102108,1.92186e-06,3.18874e-06,2.55922e-06,1.63985e-08,8.37141e-06,1.88917e-07,2.16791e-09,1.31433e-07,0.000153356,0.000241139,0.000199514,0.00018837,3.02385e-06,0.000292832,1.98604e-07,1.61353e-06,4.21535e-07,2.01702e-06,1.73044e-07,6.88752e-11,1.20155e-08,1.48758e-11,1.49978e-10,9.87651e-18,3.07875e-11],
  [5.35688e-09,7.73428e-05,7.22692e-07,7.48475e-05,6.1326e-07,6.24413e-05,6.3688e-06,4.50868e-05,2.1167e-05,1.82919e-07,2.71223e-05,0.000148679,1.06701e-08,6.38662e-10,2.38165e-07,9.63184e-05,1.59622e-05,9.62378e-07,4.7211e-05,1.654e-09,3.06962e-09,2.79754e-06,0.000100471,8.26942e-05,4.19501e-05,3.80804e-05,2.92954e-06,0.000154859,5.90376e-09,0.000136815,7.57625e-05,2.46266e-05,8.58103e-05,4.93721e-05,2.11524e-06,9.68367e-09,-0.00190786,5.22061e-06,0.000157133,1.21235e-05,6.17888e-07,1.10978e-06,4.0291e-05,3.44119e-09,5.50228e-06,5.52814e-10,6.99489e-06,3.19696e-07,2.29021e-05,2.23351e-05,3.3871e-05,4.5375e-06,4.23618e-10,3.09481e-05,4.28533e-07,7.11019e-07,2.83092e-06,6.55059e-06,5.10456e-06,2.08974e-07,8.77335e-08,1.45387e-07,7.072e-10,4.57168e-05,3.78251e-05,3.57124e-05,3.34488e-06,1.35039e-09,2.19688e-07,3.59781e-07,4.66287e-07,4.49751e-07,1.91415e-07,4.19974e-11,2.27797e-09,3.31698e-12,3.34417e-11,2.03819e-17,6.86493e-12],
  [7.22965e-09,0.000387651,2.96291e-08,0.000375144,2.51426e-08,0.000312963,6.97064e-05,0.00022598,0.000106091,7.49934e-09,0.00013594,0.000745195,1.44004e-08,6.99015e-09,1.97948e-06,4.69775e-09,5.52037e-05,7.99871e-06,8.35669e-08,2.23225e-09,4.14277e-09,8.41207e-05,0.000503571,5.97767e-08,3.03242e-08,1.8573e-09,8.80901e-05,1.11942e-07,7.96773e-09,9.88987e-08,3.69518e-09,0.000123431,6.20292e-08,2.40803e-09,6.36044e-05,1.30691e-08,5.22061e-06,-0.00409843,7.66387e-09,2.14594e-08,5.13551e-06,9.22385e-06,0.000201943,4.64424e-09,0.000165451,6.05054e-09,3.50591e-05,3.49906e-06,7.92047e-05,1.08936e-09,1.65199e-09,2.27424e-05,5.71715e-10,5.47804e-08,3.56171e-06,5.90956e-06,3.09844e-05,3.28323e-05,0.000153492,2.28722e-06,6.34195e-11,1.59126e-06,9.54439e-10,2.22975e-09,1.84485e-09,1.74181e-09,3.66097e-05,1.82249e-09,2.40449e-06,2.99028e-06,5.1035e-06,3.73806e-06,2.09504e-06,1.26284e-09,1.11104e-13,2.75687e-11,2.77948e-10,8.35621e-19,5.70572e-11],
  [0.000458491,1.13539e-07,1.87665e-06,1.09876e-07,1.59248e-06,9.1664e-08,4.51178e-05,6.61876e-08,3.10731e-08,4.74993e-07,3.98156e-08,2.18261e-07,0.000913244,4.5244e-09,2.40708e-06,0.00103111,0.00166155,9.72655e-06,0.00228938,0.000141565,0.000262727,3.78745e-06,1.47491e-07,9.82543e-06,4.98436e-06,0.00040766,3.96616e-06,1.83998e-05,0.000505298,1.62559e-05,0.000811056,3.61519e-08,1.01957e-05,0.00052854,2.86372e-06,0.000828818,0.000157133,7.66387e-09,-0.0170931,0.000587896,6.24487e-06,1.12163e-05,5.91473e-08,0.000294529,7.44927e-06,3.91624e-09,1.02685e-08,2.26478e-06,0.00238395,0.000239103,0.000362597,6.66105e-09,3.62571e-05,0.00150075,4.33109e-06,7.18612e-06,2.00548e-05,9.61627e-09,6.91081e-06,1.48041e-06,1.04242e-08,1.02995e-06,6.05287e-05,0.000489409,0.000404927,0.00038231,2.36958e-05,0.000115579,1.55631e-06,3.63623e-06,3.30327e-06,4.54554e-06,1.35602e-06,5.68582e-11,2.43863e-08,3.3524e-11,3.37989e-10,5.29266e-17,6.93824e-11],
  [0.000221271,3.17919e-07,2.64491e-06,3.07662e-07,2.24441e-06,2.56666e-07,6.57572e-06,1.8533e-07,8.70071e-08,6.69445e-07,1.11486e-07,6.11146e-07,0.000440738,6.59412e-10,2.04419e-06,0.000360365,0.000128196,8.26017e-06,3.13142e-06,6.83202e-05,0.000126794,6.91883e-06,4.12987e-07,2.35213e-05,1.19322e-05,0.000142474,7.24531e-06,4.40477e-05,0.000243861,3.89153e-05,0.000283457,1.01228e-07,2.44076e-05,0.00018472,5.23139e-06,0.000399993,1.21235e-05,2.14594e-08,0.000587896,-0.00454353,5.30339e-06,9.52536e-06,1.65617e-07,0.000142142,1.36082e-05,5.70774e-10,2.87526e-08,3.30082e-07,0.000183932,8.35645e-05,0.000126724,1.86514e-08,1.74979e-05,2.05273e-06,3.67814e-06,6.10274e-06,2.9229e-06,2.69263e-08,1.26245e-05,2.15763e-07,2.49547e-08,1.50111e-07,2.92116e-05,0.000171044,0.000141519,0.000133614,3.45356e-06,5.57792e-05,2.26826e-07,3.08803e-06,4.81437e-07,3.86025e-06,1.97634e-07,1.03867e-10,8.52279e-09,2.84699e-11,2.87034e-10,7.45935e-17,5.89223e-11],
